25
9 11 8 12 9 11 12 9 5 10 9 5 7 6 9 11 12 5 9 9 5 5 5 10 12
2 8 10 12 14 17 18 19 20
1 2 3 4 5 6 7 8 9 10 14
5 8 11 15 17 19 22 23
1 2 3 4 5 6 7 8 9 10 11 13
5 6 7 8 10 13 14 18 19
1 2 3 4 5 6 7 8 9 10 13
5 9 10 12 13 14 15 16 17 18 19 22
1 2 3 4 5 6 7 9 10
5 10 13 17 23
1 2 3 4 5 6 7 8 9 10
5 9 10 11 12 15 17 19 25
1 2 3 4 7
7 9 11 15 20 22 24
1 2 3 4 6 8
3 6 7 11 14 16 17 19 21
1 2 3 4 5 6 7 8 9 11 14
1 3 5 6 8 10 11 13 14 16 18 20
1 2 3 4 6
5 10 11 13 16 17 18 19 20
1 2 3 4 5 6 7 8 9
8 15 16 23 25
1 2 3 4 5
3 11 14 19 24
1 2 3 4 5 6 7 8 9 12
7 8 9 10 11 12 13 14 17 18 19 23
6.000000 -2.000000 4.000000 -5.000000 5.000000 -4.000000 11.000000 -9.000000 6.000000 -3.000000 3.000000 -7.000000 5.000000 2.000000 10.000000 1.000000 8.000000 1.000000 7.000000 10.000000 4.000000 4.000000 11.000000 -7.000000 8.000000
9.000000 -6.000000 5.000000 10.000000 7.000000 5.000000 6.000000 -7.000000 1.000000 4.000000 9.000000 8.000000 5.000000 10.000000 11.000000 -2.000000 5.000000 -6.000000 5.000000 -2.000000 8.000000 -10.000000 3.000000 -1.000000
3.000000 9.000000 6.000000 8.000000 10.000000 10.000000 5.000000 -1.000000 3.000000 7.000000 5.000000 -9.000000 3.000000 -7.000000 8.000000 -8.000000 10.000000 5.000000 3.000000 9.000000 4.000000 3.000000 7.000000
9.000000 1.000000 6.000000 9.000000 6.000000 -5.000000 7.000000 8.000000 4.000000 2.000000 16.000000 -1.000000 7.000000 7.000000 11.000000 -6.000000 9.000000 -5.000000 3.000000 1.000000 2.000000 9.000000
3.000000 0.000000 4.000000 10.000000 5.000000 -8.000000 7.000000 7.000000 4.000000 3.000000 3.000000 11.000000 9.000000 -6.000000 2.000000 -6.000000 1.000000 -3.000000 5.000000 5.000000 6.000000
6.000000 2.000000 6.000000 -6.000000 4.000000 2.000000 8.000000 -1.000000 4.000000 1.000000 2.000000 -7.000000 7.000000 -2.000000 8.000000 6.000000 7.000000 -8.000000 9.000000 -3.000000
7.000000 0.000000 8.000000 7.000000 6.000000 -2.000000 5.000000 -6.000000 5.000000 8.000000 3.000000 3.000000 9.000000 -4.000000 10.000000 0.000000 5.000000 -4.000000 4.000000
2.000000 5.000000 13.000000 11.000000 4.000000 -1.000000 5.000000 -10.000000 16.000000 2.000000 7.000000 -6.000000 11.000000 8.000000 9.000000 10.000000 6.000000 4.000000
9.000000 -2.000000 3.000000 -6.000000 12.000000 3.000000 7.000000 3.000000 11.000000 8.000000 4.000000 1.000000 1.000000 8.000000 7.000000 10.000000 10.000000
6.000000 0.000000 2.000000 2.000000 8.000000 1.000000 5.000000 10.000000 3.000000 -3.000000 3.000000 -6.000000 6.000000 -3.000000 6.000000 11.000000
7.000000 -7.000000 4.000000 10.000000 8.000000 9.000000 4.000000 7.000000 6.000000 8.000000 11.000000 -2.000000 6.000000 6.000000 7.000000
3.000000 -2.000000 6.000000 -9.000000 7.000000 9.000000 6.000000 -3.000000 10.000000 4.000000 4.000000 -6.000000 6.000000 5.000000
8.000000 1.000000 7.000000 7.000000 7.000000 -7.000000 12.000000 -9.000000 7.000000 -7.000000 8.000000 -4.000000 8.000000
11.000000 4.000000 6.000000 -6.000000 7.000000 -8.000000 5.000000 -8.000000 8.000000 13.000000 7.000000 4.000000
5.000000 8.000000 9.000000 5.000000 4.000000 9.000000 9.000000 8.000000 5.000000 2.000000 6.000000
3.000000 4.000000 10.000000 0.000000 5.000000 8.000000 7.000000 2.000000 7.000000 -5.000000
3.000000 3.000000 7.000000 -3.000000 7.000000 7.000000 6.000000 12.000000 8.000000
3.000000 13.000000 5.000000 2.000000 5.000000 3.000000 7.000000 12.000000
12.000000 6.000000 7.000000 -5.000000 6.000000 6.000000 8.000000
6.000000 11.000000 6.000000 0.000000 3.000000 2.000000
7.000000 -5.000000 4.000000 8.000000 7.000000
4.000000 -8.000000 4.000000 2.000000
8.000000 3.000000 6.000000
3.000000 0.000000
6.000000
