50
5 4 4 5 5 3 5 4 6 7 2 5 5 6 4 6 6 1 7 2 11 4 3 8 3 3 5 8 3 2 5 3 8 10 3 2 5 7 6 6 2 4 9 7 11 8 3 2 3 4
41 8 2 48 18
16 15 9 48
7 44 48 35
6 38 28 3 2
6 14 15 33 39
2 36 13
46 42 45 35 27
15 29 38 18
1 49 11 45 28 22
18 10 14 22 7 6 25
7 23
23 39 17 3 47
30 35 8 25 6
36 19 41 40 24 37
13 46 5 3
43 15 19 6 49 7
25 18 30 41 24 11
24
23 14 43 18 45 44 42
5 39
41 11 35 47 16 49 30 25 18 50 36
15 44 21 50
50 4 15
3 21 26 18 5 14 37 49
14 42 32
26 42 30
10 17 9 16 48
36 35 17 38 28 47 26 24
15 9 33
32 6
49 4 8 10 41
11 44 28
39 5 25 48 50 30 34 17
36 1 44 47 8 48 35 18 42 22
8 19 28
11 30
1 47 17 33 49
12 33 7 41 20 47 49
39 13 10 24 11 35
50 34 1 39 21 32
2 8
24 20 16 4
16 37 6 48 32 5 35 9 43
43 31 36 11 17 34 39
28 14 35 47 45 13 20 26 42 24 29
34 29 8 16 15 5 22 2
38 36 15
38 15
1 5 46
41 4 15 5
7 -3 10 6 4 3 5 11 9 -7 2 4 1 4 8 11 6 3 4 2 10 -1 4 7 8 -6 3 -5 2 1 2 9 7 0 6 10 7 -8 8 7 7 3 6 11 5 -6 2 -6 3 -3
5 5 8 11 4 -5 6 -6 2 2 6 -1 5 1 5 -7 14 -2 7 6 7 -8 11 -3 5 0 10 7 2 -2 11 -6 9 8 9 3 9 -4 4 0 7 -4 9 -1 8 5 5 -8 5
6 -1 3 -10 10 2 6 -6 11 8 5 10 5 4 5 -2 4 -6 5 3 7 3 7 8 6 1 2 8 5 10 9 -2 6 0 6 3 4 -9 4 -4 3 -6 8 -3 7 11 8 -7
7 10 10 9 9 7 9 8 8 -2 8 6 6 5 6 10 7 -4 11 -2 10 10 5 -2 6 9 3 10 6 -4 3 -1 7 -7 8 -9 4 -7 6 -4 3 10 9 9 6 -3 6
3 7 3 6 4 12 5 4 5 8 2 5 6 9 10 8 11 2 1 -5 7 5 2 4 7 6 5 7 6 5 6 -5 3 3 8 -3 8 7 3 12 9 5 9 2 4 3
13 12 14 6 6 -5 10 6 3 11 4 -7 12 -9 5 -6 12 -5 6 8 3 1 4 2 8 3 8 3 6 16 4 4 11 -1 7 8 9 -5 7 -6 4 4 6 7 11
8 4 4 -8 9 -8 9 7 14 7 4 6 6 2 9 -2 3 -5 11 -4 9 -10 5 -2 6 0 3 6 11 7 5 -6 5 12 5 7 10 7 5 1 5 5 7 -6
1 -7 3 5 2 -1 6 5 4 7 15 -2 7 0 2 -4 7 6 8 1 2 10 8 -8 8 6 8 10 6 9 5 -2 6 6 5 0 5 -9 7 6 1 0 11
5 5 5 0 4 10 9 11 2 -4 5 10 19 10 12 -8 8 -1 21 11 2 7 6 1 4 0 9 10 8 1 5 -8 1 8 5 -4 4 -6 6 1 3 10
7 7 5 6 15 -3 7 11 8 -7 5 3 11 1 9 -10 4 10 3 -9 4 6 3 -2 9 10 5 -1 4 12 9 8 8 1 6 1 8 5 8 1 5
6 10 8 3 12 4 2 -3 1 4 8 2 6 5 4 5 5 -7 6 -8 8 7 7 5 5 -10 4 -8 5 8 6 5 7 10 7 -4 9 -1 10 -2
7 3 2 0 1 -6 8 8 7 -1 6 3 9 -4 5 -6 8 -3 8 11 6 10 11 14 7 11 4 12 12 -7 7 -6 9 2 5 -7 2 -7 11
4 9 9 5 0 -9 8 -5 7 7 5 5 7 -7 5 2 11 -3 7 9 2 10 6 8 7 -2 13 12 6 9 2 2 15 2 5 -1 4 6
6 3 6 -8 7 5 5 8 7 6 5 -5 8 8 10 1 8 -4 6 0 8 0 11 -7 10 3 12 -7 7 1 5 6 9 10 4 -6 13
8 -3 17 8 5 7 8 12 4 4 10 -8 2 -7 13 1 8 7 5 7 5 3 6 4 4 -7 9 -8 6 11 3 4 7 -9 8 8
10 3 7 4 7 12 4 2 5 -3 10 -3 0 -6 2 -2 2 -8 12 -10 5 -2 5 1 9 -2 8 -4 7 -6 6 -4 5 0 5
8 11 2 -3 5 7 10 8 8 -1 13 -6 5 1 1 3 5 -5 6 10 5 -5 7 -7 4 0 6 -4 8 0 10 1 4 10
7 0 10 -3 6 -6 9 2 7 -7 6 6 10 -5 10 6 5 -6 5 -6 8 3 4 2 12 4 6 3 5 2 7 8 5
5 5 10 4 5 1 12 9 7 1 9 3 2 2 5 -9 4 -6 3 -3 8 4 6 -7 0 -6 9 -4 9 3 8 -4
7 -5 7 -7 12 7 4 -6 4 -7 5 7 4 -1 1 8 9 13 3 -3 1 7 11 8 5 6 8 -8 9 19 9
10 6 8 5 8 14 6 5 5 10 5 -5 4 4 3 -5 14 1 5 10 10 2 6 -3 1 4 10 -8 2 -7
4 -1 7 -6 10 3 7 -7 2 2 3 10 15 7 8 10 7 6 2 2 11 -2 4 -2 4 3 6 -1 5
8 11 12 -7 5 -5 6 4 5 -1 12 3 8 11 7 -5 2 9 9 -10 8 -6 7 11 7 -7 4 0
6 -1 4 -4 5 4 9 -9 7 0 7 10 6 -5 7 -5 4 -6 4 1 7 4 6 -4 7 -7 10
3 -1 6 9 3 -6 5 -1 4 5 3 -6 5 -3 12 11 9 -8 9 0 5 11 2 -5 5 10
5 5 4 3 11 8 8 -2 6 -3 9 9 5 -5 5 1 4 6 4 -9 1 7 6 -3 3
11 3 6 -1 10 9 5 -2 6 9 8 5 2 0 10 11 7 -4 5 0 6 4 6 8
6 -10 2 -4 3 -8 14 0 6 9 10 -3 4 8 5 3 9 -4 6 -7 11 11 5
4 4 5 -7 9 9 7 9 9 4 5 3 5 10 7 -8 14 11 11 13 4 9
10 2 9 1 4 1 8 2 5 5 4 4 15 4 7 -9 6 6 6 6 4
3 -10 8 9 4 -2 6 -9 4 -10 7 4 4 7 3 11 13 0 8 -5
5 10 5 -8 6 -6 8 2 6 1 4 1 7 -6 6 1 8 10 4
6 1 8 -2 3 -8 10 7 4 -7 2 -3 3 -7 6 -9 5 7
5 5 5 2 11 -6 2 6 6 11 9 -6 5 7 5 10 11
8 -2 9 8 4 -10 5 -5 4 6 16 -9 3 -8 6 -9
3 10 3 5 9 0 3 6 5 -7 22 10 10 13 10
9 5 7 -2 5 10 8 8 7 3 13 -7 8 4
12 0 10 -7 6 -3 3 -6 3 3 12 8 13
6 10 7 5 7 11 3 2 4 8 7 10
3 2 2 -3 3 -1 8 4 10 0 5
8 -2 8 17 5 -8 3 6 3 -1
7 2 11 9 9 8 9 -3 6
11 7 7 8 9 10 12 9
7 4 7 -6 5 -8 6
2 4 5 -1 7 0
6 -8 10 7 6
10 7 4 11
6 5 3
7 -7
11
