50
11 15 12 12 12 10 11 9 8 10 11 16 10 16 7 10 9 13 13 7 8 9 17 10 9 8 7 15 8 14 7 7 12 11 11 14 11 15 10 15 9 12 9 11 7 7 13 9 15 9
2 14 24 25 34 39 42 44 48 50 1
8 11 18 22 25 29 30 34 36 38 39 41 44 49 2
1 5 10 13 15 21 24 31 33 40 46 3
1 12 15 19 21 23 29 30 32 43 45 4
2 8 13 15 28 31 34 39 43 46 48 5
2 5 24 32 36 38 41 45 46 6
3 8 12 13 14 24 34 35 38 46 7
1 6 9 17 22 23 25 29 8
10 29 30 38 39 40 42 9
2 8 13 14 22 24 32 43 49 10
8 14 16 30 32 37 40 44 47 49 11
1 2 6 10 15 21 25 31 32 35 39 44 45 49 50 12
3 4 8 9 15 20 22 44 48 13
3 7 10 11 13 17 22 23 25 28 36 38 41 46 47 14
1 7 9 12 33 35 15
7 10 14 20 22 27 35 37 48 16
13 37 39 42 44 46 47 48 17
5 17 18 21 24 26 33 35 36 37 41 44 46
6 10 22 29 30 32 33 34 37 38 45 47 19
15 25 28 31 41 42 20
6 14 28 32 34 38 49 21
8 9 18 25 28 34 36 40 22
10 12 13 15 16 19 20 21 24 26 31 35 39 44 47 48 23
14 15 19 20 21 25 34 40 50 24
5 6 15 19 29 33 35 48 25
16 17 19 26 27 39 41 50
8 21 22 26 34 41 27
5 7 9 12 15 16 18 25 32 36 40 42 45 46 28
5 9 11 17 28 30 36 29
4 6 9 11 13 19 20 22 39 41 42 44 49 30
10 24 26 38 39 44 31
12 32 33 36 38 48 50
4 5 6 11 20 22 30 32 35 37 45 33
8 12 15 24 35 37 39 43 44 46 34
1 11 13 18 26 30 31 32 36 46 35
1 3 6 11 12 14 20 27 32 33 38 44 47 36
7 8 11 19 23 29 35 36 41 42 37
7 8 11 12 13 14 16 21 22 26 31 33 36 39 38
11 17 23 32 35 36 40 43 44 39
3 4 5 7 9 23 28 31 35 41 44 46 49 50 40
1 3 4 15 16 24 35 47 41
6 7 14 21 24 26 28 30 32 33 40 42
19 20 22 26 32 37 44 48 43
5 9 10 11 12 15 30 39 45 47 44
8 19 28 40 44 49 45
10 11 15 27 31 32 46
5 8 11 12 13 18 25 27 35 36 39 49 47
9 10 12 20 27 34 43 47 48
3 4 7 8 14 17 22 24 35 36 37 39 42 43 49
17 28 29 33 36 38 44 45 50
-35 9 -12 -7 16 -15 -3 -8 10 -2 -6 -10 -19 -31 -7 -7 2 11 4 -4 -28 15 -9 1 1 7 -17 -15 -3 -10 -22 16 13 -5 3 -21 0 -16 16 7 -11 9 -3 5 -12 -28 5 -30 -21 2
-7 -7 13 -27 -17 -5 -16 4 -33 -19 -10 -8 21 6 -5 -1 28 11 0 34 -12 -24 -18 7 -13 -2 1 -28 -2 3 17 -20 -25 -3 3 -15 19 -22 7 16 -20 -14 -7 -5 25 -25 -5 -11 0
-22 -11 -28 -12 7 -5 0 23 -6 -20 -17 -17 -17 11 25 11 -2 -13 -19 -29 -8 37 -8 -6 21 -4 -3 4 12 -29 14 -1 2 16 -21 9 -1 22 -10 18 0 -30 -3 11 14 -8 18 -22
-21 22 -1 -10 34 -14 -20 -11 -26 9 -10 0 18 15 1 0 -4 0 -2 8 -3 -11 2 -10 7 -12 -3 -2 12 0 -29 22 18 -16 -2 -4 -17 24 -16 -12 -12 4 -13 -15 -8 1 -6
-10 -13 -20 -10 -17 17 -1 -3 3 2 -3 -26 -9 25 -15 -9 6 1 9 5 -5 6 -14 0 11 6 30 -10 21 -26 -23 -5 4 -14 2 -7 -7 -10 7 -2 21 1 7 -27 16 -7
2 2 -6 -9 -8 -4 18 -16 -23 5 19 29 -17 -19 -14 0 0 -19 -1 19 -4 0 1 9 25 -19 13 6 -35 1 -3 -23 -21 -13 -32 -31 2 2 -9 -1 -20 3 3 -16 7
-5 -13 -5 -38 -19 11 -27 13 19 -9 20 -36 -2 -18 -13 -17 -1 -19 -2 -9 15 13 3 13 3 -10 25 0 5 13 4 -4 -9 -17 -30 -18 24 -3 9 9 -3 -12 7 6
14 0 -10 23 -16 17 14 -1 -51 -16 18 -4 7 4 42 -1 -1 6 -34 5 -9 -6 -4 0 5 45 -22 -21 2 0 6 0 -9 -13 15 -14 -7 12 27 -19 10 0 -10
15 -18 -3 -4 25 -18 -33 17 -23 -1 1 -14 -18 -7 -26 -6 -13 -3 0 0 -14 -23 -24 7 -19 -23 -1 -19 -16 22 -10 -2 9 -21 16 4 -13 -19 5 -23 -4 -19
16 -15 13 -2 -11 1 -19 -16 -51 -8 -9 17 -23 -2 41 19 -8 -3 0 10 -17 -16 -17 0 1 -3 -10 -3 -18 2 -28 -23 -26 -6 -1 2 -11 -2 -5 -13 -8
22 0 -8 -20 -12 11 10 -23 29 3 0 0 9 -22 -10 3 -6 -27 11 -10 -10 -4 -18 15 3 -7 14 2 -16 -4 -13 -3 22 -11 -1 -38 5 -8 5 -4
1 -19 -24 -24 -13 -8 -17 -26 1 -17 1 -25 -4 -10 -15 -18 16 2 6 -30 9 -3 -16 -7 -8 0 24 -12 8 -3 -13 0 -13 -3 -4 -15 -7 4 -16
-26 -48 3 8 0 5 -17 2 -15 -18 4 -13 -5 -4 -1 -2 14 -16 -3 -11 -5 -16 -20 5 -10 13 -35 -10 1 24 -18 -13 -15 24 3 2 6 -23
0 27 21 -29 3 22 17 -25 -19 24 -16 22 0 -21 6 29 -2 -10 -18 -5 -13 0 -51 -1 -26 -1 -28 -15 8 -3 0 14 21 -4 3 -9 -8
16 5 -17 -11 -23 9 -14 -13 -10 -18 -5 6 1 -6 7 -23 14 -4 -3 -28 4 15 7 -15 2 -9 24 9 1 1 -12 -6 -4 -5 17 -13
-5 29 -19 -29 -6 -21 -14 -1 -13 12 -15 -30 -3 -20 -6 -35 -13 -19 2 15 -10 9 -8 -24 7 3 -4 0 -7 0 -5 -8 -20 -16 -9
-23 22 -41 -5 0 11 -12 27 -9 -11 -4 10 0 14 0 -4 4 -2 -9 -11 -10 4 -2 14 -8 -12 13 -16 -9 4 3 -9 -11 -29
-1 0 -10 -16 -6 10 -7 -3 -11 4 -1 -1 -7 -5 -9 -2 -1 12 -15 -13 6 11 4 4 -26 -24 -17 -19 -13 -10 -12 -1 -12
10 -10 10 10 -4 4 -7 -12 -21 -12 -5 -7 -7 -3 17 -26 14 -24 0 -9 8 1 -21 15 -3 -3 5 4 -8 -6 -1 -22
-12 -5 31 -9 -1 -12 -16 15 -29 -26 0 -11 -17 28 -12 -3 4 -15 -8 0 -23 1 -1 -37 15 -9 -4 -24 4 28 -6
-16 6 10 -2 4 3 0 -20 26 -23 -1 -14 -1 14 11 -21 -3 -6 -1 -5 -37 17 -22 2 -18 0 -1 -8 3 11
-11 1 -9 -28 11 -10 10 -21 -6 -4 -18 -13 -12 -21 -15 -26 7 16 3 -2 -13 16 7 -2 -15 7 -26 0 -15
-9 -27 23 -5 -12 -19 2 -4 -8 -2 7 -29 5 -37 -26 -10 -12 -9 -13 3 0 -27 -16 -23 -11 -9 19 -6
-6 -10 -20 -1 -12 4 5 -17 6 17 -18 -14 -14 3 14 -15 -7 26 -13 -17 -2 2 -5 17 -37 3 -16
8 -12 12 -11 -15 -1 12 27 -14 -2 7 -28 31 11 -7 -10 -21 10 -35 -20 10 -10 18 -7 5 11
8 -7 -27 -8 -13 -1 1 4 25 -6 -15 -12 -18 0 -25 -3 -41 -20 -44 3 -8 -10 -1 -16 6
0 4 -13 -20 5 -14 -9 10 -24 9 -34 -5 -5 -7 1 8 17 -12 -8 0 16 -3 -4 16
7 -23 10 -12 0 -11 3 -5 -3 4 -7 -52 23 16 -6 -2 10 -45 -19 19 4 11 3
-2 7 -13 2 -29 -10 -24 16 -28 26 -2 -17 -8 -35 -3 -10 -4 -25 -10 -23 -16 14
-11 0 -10 5 -3 33 -1 7 15 -5 -33 -5 11 -4 13 -13 -5 -3 -6 -7 4
-18 29 12 -32 -7 -8 13 22 0 -6 -6 -22 -4 -26 -22 8 5 1 12 -23
-25 -7 0 -39 -1 -29 -24 -14 0 19 -6 19 -2 -10 -9 20 -1 -21 -22
-15 -16 23 4 -23 -21 -6 -4 -16 -11 -13 5 22 -7 -11 -14 -11 10
-16 -12 -21 -38 -33 11 -6 13 -20 7 19 -4 12 -37 -36 -9 25
-1 3 -7 -5 9 -28 -3 -20 -2 5 -19 -12 -20 -1 -5 -42
-18 -19 8 1 5 -7 2 0 -1 -9 -7 -1 0 7 -7
1 -11 -6 -3 2 3 -2 0 -10 -1 -36 -18 -16 -12
-19 -3 13 4 0 -25 -18 3 16 -17 -27 -28 -8
-17 -19 -7 -22 -19 -12 27 12 -35 -8 -3 -13
-6 1 -10 -10 -23 -3 -36 -54 -10 -28 -4
-26 -5 0 9 -1 -28 -11 34 -13 4
-10 -37 -28 -18 20 -11 -14 2 -25
-2 -13 -9 -14 3 4 3 3
-35 15 -20 -6 1 -32 -1
0 -18 15 7 11 -4
-22 -29 -9 -20 -28
-9 -15 30 -10
-30 -10 -16
-4 -17
11