100
47 41 43 37 47 27 43 40 37 32 27 36 45 45 45 42 29 42 41 21 49 32 32 33 50 45 41 30 50 37 21 20 43 28 26 39 47 44 47 47 34 46 27 49 40 42 42 40 31 44 38 37 43 39 26 44 43 50 26 29 34 25 41 22 25 50 25 43 36 23 32 21 33 28 37 28 24 25 38 47 28 20 30 34 42 49 24 21 24 49 30 39 21 44 49 40 39 46 41 29
7 8 10 13 15 16 18 20 23 25 26 28 29 30 31 32 35 37 38 42 46 47 50 51 52 54 55 56 57 58 60 61 63 65 69 71 72 73 76 81 83 85 87 88 90 91 94
1 2 3 4 5 6 7 8 9 10 11 12 13 14 15 16 17 18 19 20 21 22 23 24 25 26 27 28 29 30 31 32 33 34 35 36 37 38 39 40 42
10 11 13 14 19 20 24 25 31 32 34 37 40 41 42 43 46 48 50 51 52 53 55 56 57 58 59 60 62 63 65 66 68 70 71 72 74 76 77 79 81 94 97
1 2 3 4 5 6 7 8 9 10 11 12 13 14 15 16 17 18 19 20 21 22 23 24 25 26 27 28 29 30 31 32 33 34 35 36 39
9 13 14 18 20 21 26 27 29 30 34 36 38 39 41 43 44 45 48 49 52 53 54 55 56 57 58 60 62 64 67 71 72 73 74 76 81 84 85 86 87 91 92 95 96 99 100
1 2 3 4 5 6 7 8 9 10 11 12 13 14 15 16 17 18 19 20 21 22 23 24 25 27 30
14 16 18 21 22 24 26 27 28 29 33 34 35 36 37 38 39 40 42 44 45 46 49 51 52 53 54 55 57 58 60 63 67 68 71 72 75 76 79 84 91 94 97
1 2 3 4 5 6 7 8 9 10 11 12 13 14 15 16 17 18 19 20 21 22 23 24 25 26 27 28 29 30 31 32 33 34 35 36 37 38 39 43
3 7 8 20 23 25 27 28 35 36 37 40 43 45 46 49 52 53 55 56 57 58 59 60 62 67 70 71 73 75 76 79 80 82 83 87 95
1 2 3 4 5 6 7 8 9 10 11 12 13 14 15 16 17 18 19 20 21 22 23 24 25 26 27 28 29 30 31 32
15 23 27 28 29 31 32 33 41 44 45 48 51 53 57 59 62 67 68 72 77 78 83 86 91 97 98
1 2 3 4 5 6 7 8 9 10 11 12 13 14 15 16 17 18 19 20 21 22 23 24 25 26 27 28 29 30 31 32 33 34 35 36
4 10 11 13 14 16 18 19 21 24 25 26 27 30 31 33 34 39 40 41 44 47 49 50 51 52 53 54 57 58 61 62 63 64 67 68 70 71 75 76 79 82 85 94 95
1 2 3 4 5 6 7 8 9 10 11 12 13 14 15 16 17 18 19 20 21 22 23 24 25 26 27 28 29 30 31 32 33 34 35 36 37 38 39 40 41 42 43 44 45
8 12 14 15 16 20 23 24 25 28 30 31 32 33 35 36 41 43 44 45 46 47 50 52 53 55 56 57 58 59 60 62 64 65 68 69 72 73 76 78 80 84 87 96 97
1 2 3 4 5 6 7 8 9 10 11 12 13 14 15 16 17 18 19 20 21 22 23 24 25 26 27 28 29 30 31 32 33 34 35 36 37 38 39 40 42 45
7 12 18 20 23 24 28 29 31 35 37 41 42 43 52 55 56 57 58 59 60 62 67 68 69 70 75 91 94
1 2 3 4 5 6 7 8 9 10 11 12 13 14 15 16 17 18 19 20 21 22 23 24 25 26 27 28 29 30 31 32 33 34 35 36 37 38 39 40 43 45
9 14 15 16 21 24 27 30 31 33 35 37 40 42 43 45 47 48 50 51 52 53 55 57 59 60 61 64 67 68 69 70 72 73 74 76 77 81 85 90 95
1 2 3 4 5 6 7 8 9 10 11 12 13 14 15 16 17 18 19 21 25
3 7 10 12 16 17 18 22 23 28 29 30 31 32 35 36 37 38 39 43 45 46 47 48 50 51 53 54 59 60 61 62 63 64 65 66 67 69 70 73 75 76 77 80 81 82 85 89 93
1 2 3 4 5 6 7 8 9 10 11 12 13 14 15 16 17 18 19 20 21 22 23 24 25 26 27 28 29 30 31 32
6 12 21 23 25 27 34 36 38 39 40 41 42 46 47 54 55 56 57 58 59 61 62 63 65 69 70 72 74 75 79 82
1 2 3 4 5 6 7 8 9 10 11 12 13 14 15 16 17 18 19 20 21 22 23 24 25 26 27 28 29 30 31 34 38
5 12 13 16 17 18 19 22 23 25 30 32 33 36 37 38 39 41 44 46 48 49 50 51 53 55 56 57 59 60 61 62 63 65 66 67 69 70 71 72 73 74 76 77 80 82 84 87 88 93
1 2 3 4 5 6 7 8 9 10 11 12 13 14 15 16 17 18 19 20 21 22 23 24 25 26 27 28 29 30 31 32 33 34 35 36 37 38 39 40 41 42 43 47 51
11 12 14 21 24 26 28 30 31 32 33 34 36 39 41 42 44 45 46 47 49 50 51 53 54 55 59 60 66 67 68 69 74 76 77 78 79 82 86 87 90
1 2 3 4 5 6 7 8 9 10 11 12 13 14 15 16 17 18 19 20 21 22 23 24 25 26 27 28 29 30
5 14 15 16 21 22 24 27 28 29 30 32 33 34 36 37 38 39 40 41 42 44 45 46 47 48 50 51 53 54 57 58 59 61 62 65 66 67 68 69 70 71 73 76 77 80 86 91 94 96
1 2 3 4 5 6 7 8 9 10 11 12 13 14 15 16 17 18 19 20 21 22 23 24 25 26 27 28 29 30 31 32 33 34 35 36 37
15 22 23 24 28 32 33 39 43 45 46 50 52 53 56 57 58 62 63 76 89
1 2 3 4 5 6 7 8 9 10 11 12 13 14 15 16 17 18 20 21
13 18 22 25 26 28 29 30 31 32 33 34 35 36 39 41 43 46 49 50 53 55 56 57 58 59 60 61 62 64 65 66 67 68 70 72 73 74 76 78 79 81 85
1 2 3 4 5 6 7 8 9 10 11 12 13 14 15 16 17 18 19 20 21 22 23 24 25 26 27 28
9 15 16 18 19 30 31 37 40 42 45 48 57 58 60 65 70 71 74 75 76 78 79 86 92 99
1 2 3 4 5 6 7 8 9 10 11 12 13 14 15 16 17 18 19 20 21 22 23 24 25 26 27 28 29 30 31 32 33 34 35 36 37 38 41
3 14 15 17 20 22 23 26 27 29 31 33 34 35 36 37 39 40 41 42 44 45 46 47 48 50 51 52 55 56 57 59 60 62 65 66 67 71 73 78 79 80 81 84 85 86 91
1 2 3 4 5 6 7 8 9 10 11 12 13 14 15 16 17 18 19 20 21 22 23 24 25 26 27 28 29 30 31 32 33 34 35 36 37 38 39 40 41 42 43 44
10 14 15 18 25 26 27 30 31 33 35 36 37 38 39 40 42 44 45 46 47 48 49 50 52 54 56 58 59 61 62 63 65 66 67 70 72 74 76 78 79 81 82 89 95 97 98
1 2 3 4 5 6 7 8 9 10 11 12 13 14 15 16 17 18 19 20 21 22 23 24 25 26 27 28 29 30 31 32 33 34 35 36 37 38 39 40 41 42 43 44 45 46 47
8 13 14 19 24 28 32 36 40 41 43 44 46 47 49 51 52 53 55 56 57 58 59 60 61 69 70 71 72 80 85 87 91 94
1 2 3 4 5 6 7 8 9 10 11 12 13 14 15 16 17 18 19 20 21 22 23 24 25 26 27 28 29 30 31 32 33 34 35 36 37 38 39 40 41 42 43 45 46 47
15 21 22 23 26 29 34 38 39 40 43 49 50 51 59 61 62 67 70 71 74 75 77 79 86 88 90
1 2 3 4 5 6 7 8 9 10 11 12 13 14 15 16 17 18 19 20 21 22 23 24 25 26 27 28 29 30 31 32 33 34 35 36 37 38 39 40 41 42 43 44 45 46 47 48 49
13 14 25 29 30 32 35 37 40 41 42 44 45 46 47 48 49 50 52 54 56 58 61 62 64 65 66 67 69 70 71 74 78 81 82 85 87 89 92 94
1 2 3 4 5 6 7 8 9 10 11 12 13 14 15 16 17 18 19 20 21 22 23 24 25 26 27 28 29 30 31 32 33 34 35 36 37 38 39 40 41 42
10 15 16 21 24 28 29 31 32 36 37 38 39 40 42 43 44 45 46 47 49 54 55 57 58 59 61 63 64 65 66 67 70 72 76 80 84 85 86 87 93 94
1 2 3 4 5 6 7 8 9 10 11 12 13 14 15 16 17 18 19 20 21 22 23 24 25 26 27 28 29 30 31 32 33 34 35 36 37 38 40 44
7 13 14 16 19 22 28 30 31 33 36 38 39 41 43 45 47 49 50 52 55 56 57 61 62 64 65 74 78 92 94
1 2 3 4 5 6 7 8 9 10 11 12 13 14 15 16 17 18 19 20 21 22 23 24 25 26 27 28 29 30 31 32 33 34 35 36 37 38 39 40 41 42 43 45
20 21 23 24 25 26 28 29 30 33 34 35 37 38 41 44 45 46 47 54 55 56 59 60 61 62 64 65 66 70 74 79 81 82 85 86 91 95
1 2 3 4 5 6 7 8 9 10 11 12 13 14 15 16 17 18 19 20 21 22 23 24 25 26 27 28 29 30 31 32 33 34 35 36 39
15 19 20 22 24 27 28 30 31 32 33 34 35 40 41 43 44 45 47 48 49 50 51 52 53 54 55 58 60 61 63 64 66 67 68 70 76 82 83 87 92 95 99
1 2 3 4 5 6 7 8 9 10 11 12 13 14 15 16 17 18 19 20 21 22 23 24 25 26 27 28 29 30 31 32 33 34 35 36 37 38 42
2 7 14 18 21 22 26 28 35 37 38 42 43 45 48 51 52 58 61 67 69 70 72 77 84 100
1 2 3 4 5 6 7 8 9 10 11 12 13 14 15 16 17 18 19 20 21 22 23 24 25 26 27 28 29 30 31 32 33 34 35 36 37 38 39 40 41 43 44 47
9 11 13 15 19 22 28 30 31 34 36 39 40 41 42 43 44 45 46 47 48 50 51 52 54 56 58 60 61 62 66 67 69 71 75 77 78 79 82 85 90 96 97
1 2 3 4 5 6 7 8 9 10 11 12 13 14 15 16 17 18 19 20 21 22 23 24 25 26 27 28 29 30 31 32 33 34 35 36 37 38 39 40 41 42 43 44 45 46 47 48 49 50
2 17 19 22 27 28 32 33 37 40 41 46 48 51 54 56 57 68 71 72 77 84 85 86 89 99
1 2 3 4 5 6 7 8 9 10 11 12 13 14 15 16 17 18 19 20 21 22 23 24 25 26 27 28 29
1 17 18 26 29 30 31 35 36 38 39 40 41 44 45 46 48 50 51 52 53 54 55 57 58 67 73 75 81 82 84 86 87 88
1 2 3 4 5 6 7 8 9 10 11 12 13 14 15 16 17 18 19 20 21 22 23 24 25
1 10 11 12 18 23 27 29 30 31 33 34 35 36 37 41 43 45 46 50 52 53 54 55 56 57 60 61 66 67 69 70 71 73 75 76 81 84 86 89 95
1 2 3 4 5 6 7 8 9 10 11 12 13 14 15 16 17 18 19 21 22 23
16 17 23 24 27 33 36 39 45 48 49 52 54 58 60 61 62 65 67 70 76 77 81 86 87
1 2 3 4 5 6 7 8 9 10 11 12 13 14 15 16 17 18 19 20 21 22 23 24 25 26 27 28 29 30 31 32 33 34 35 36 37 38 39 40 41 42 43 44 45 46 47 48 49 50
8 17 22 24 30 31 32 33 35 36 37 40 45 46 48 50 52 54 56 59 60 63 77 79 100
1 2 3 4 5 6 7 8 9 10 11 12 13 14 15 16 17 18 19 20 21 22 23 24 25 26 27 28 29 30 31 32 33 34 35 36 37 38 39 40 41 45 46
2 10 13 17 20 32 33 35 36 38 41 42 44 45 47 49 52 53 54 56 57 59 61 62 66 67 70 73 78 83 85 86 87 88 96 99
1 2 3 4 5 6 7 8 9 10 11 12 13 14 15 16 17 18 19 20 21 22 25
5 16 20 23 27 30 31 35 40 41 42 43 45 46 47 48 50 51 54 56 57 62 64 65 70 72 73 75 76 77 80 86
1 2 3 4 5 6 7 8 9 10 11 12 13 14 15 16 17 18 19 21 22
11 12 18 22 23 25 27 28 35 36 40 41 42 43 45 49 51 55 56 57 58 59 63 65 68 72 75 76 80 82 84 85 91
1 2 3 4 5 6 7 8 9 10 11 12 13 14 15 16 17 18 19 20 21 22 23 24 25 26 27 31
6 10 14 18 21 25 27 30 31 34 39 40 41 42 45 46 47 49 52 54 55 57 58 60 61 62 65 71 72 73 76 78 80 87 90 93 98
1 2 3 4 5 6 7 8 9 10 11 12 13 14 15 16 17 18 19 20 21 22 23 24 25 26 27 28
3 8 20 23 26 30 32 40 42 45 47 52 53 55 56 58 61 63 69 70 74 81 86 95
1 2 3 4 5 6 7 8 9 10 11 12 13 14 15 16 17 18 19 20 21 22 23 24 25
14 19 22 24 26 27 28 32 33 35 36 39 40 43 44 45 46 47 50 51 52 53 55 56 57 60 62 66 67 69 70 71 75 76 81 89 92 93
1 2 3 4 5 6 7 8 9 10 11 12 13 14 15 16 17 18 19 20 21 22 23 24 25 26 27 28 29 30 31 32 33 34 35 36 37 38 39 40 41 42 43 44 45 46 47
11 13 19 22 24 26 28 30 31 32 33 34 39 42 45 46 47 50 52 53 54 55 56 63 64 71 77 87
1 2 3 4 5 6 7 8 9 10 11 12 13 14 15 16 17 18 19 24
7 23 24 25 27 28 31 33 34 35 38 39 40 44 45 50 51 52 53 54 55 60 61 68 69 70 75 80 87 92
1 2 3 4 5 6 7 8 9 10 11 12 13 14 15 16 17 18 19 20 21 22 23 24 25 26 27 28 29 30 31 32 33 34
3 4 5 16 18 22 33 34 35 36 37 38 39 40 43 46 47 48 51 52 53 54 55 56 57 58 59 60 62 63 64 65 67 68 70 72 75 76 77 79 84 90
1 2 3 4 5 6 7 8 9 10 11 12 13 14 15 16 17 18 19 20 21 22 23 24 25 26 27 28 29 30 31 32 33 34 35 36 37 38 39 40 41 42 43 44 45 46 47 48 50
6 12 16 24 25 28 34 35 36 37 38 39 40 43 47 50 51 55 58 60 62 64 68 71
1 2 3 4 5 6 7 8 9 10 11 12 13 14 15 16 17 18 19 20 22
11 18 22 27 28 30 37 41 45 50 51 52 54 59 62 66 67 69 70 73 75 76 77 100
1 2 3 4 5 6 7 8 9 10 11 12 13 14 15 16 17 18 19 20 21 22 23 24 25 26 27 28 29 30 31 32 33 34 35 36 37 38 39 40 41 42 43 44 45 46 47 48 50
6 11 13 16 27 30 32 34 35 37 38 39 40 43 44 47 51 52 54 55 56 59 62 63 66 69 71 76 86 87
1 2 3 4 5 6 7 8 9 10 11 12 13 14 15 16 17 18 19 20 21 22 23 24 25 26 27 28 29 30 31 32 33 34 35 36 37 38 39
2 15 19 28 30 31 35 37 42 45 46 51 53 54 56 62 64 70 81 84 87
1 2 3 4 5 6 7 8 9 10 11 12 13 14 15 16 17 18 19 20 21 22 23 24 25 26 27 28 29 30 31 32 33 34 35 36 37 38 39 40 41 42 43 44
6 10 11 13 14 17 21 23 25 28 33 35 36 38 39 41 42 43 44 45 48 49 50 51 53 54 55 56 57 58 59 60 61 63 64 66 68 69 70 72 73 74 75 78 79 80 82 83 98
1 2 3 4 5 6 7 8 9 10 11 12 13 14 15 16 17 18 19 20 21 22 23 24 25 26 27 28 29 30 31 32 33 34 35 36 37 38 39 42
1 11 17 21 23 24 25 27 28 30 33 34 42 43 45 46 47 48 50 51 52 53 56 58 59 60 63 65 68 69 71 76 77 78 79 80 88 92 99
1 2 3 4 5 6 7 8 9 10 11 12 13 14 15 16 17 18 19 20 21 22 23 24 25 26 27 28 29 30 31 32 33 34 35 36 37 38 39 40 41 42 43 44 46 48
2 5 12 13 15 17 20 25 29 31 32 34 35 37 42 43 44 46 47 48 49 52 54 55 57 61 63 65 68 69 72 74 77 78 79 81 84 85 86 88 97
1 2 3 4 5 6 7 8 9 10 11 12 13 14 15 16 17 18 19 20 21 22 23 24 25 26 27 28 32
6.000000 -2.000000 4.000000 -5.000000 5.000000 -4.000000 11.000000 -9.000000 6.000000 -3.000000 3.000000 -7.000000 5.000000 2.000000 10.000000 1.000000 8.000000 1.000000 7.000000 10.000000 4.000000 4.000000 11.000000 -7.000000 8.000000 5.000000 8.000000 2.000000 5.000000 5.000000 6.000000 -7.000000 6.000000 4.000000 3.000000 8.000000 10.000000 10.000000 2.000000 -2.000000 12.000000 -6.000000 6.000000 -2.000000 3.000000 -10.000000 8.000000 -1.000000 3.000000 9.000000 4.000000 8.000000 7.000000 10.000000 10.000000 -1.000000 4.000000 7.000000 2.000000 -9.000000 5.000000 -7.000000 3.000000 -8.000000 8.000000 5.000000 10.000000 9.000000 5.000000 3.000000 4.000000 11.000000 6.000000 -7.000000 7.000000 4.000000 6.000000 4.000000 10.000000 11.000000 3.000000 3.000000 4.000000 2.000000 16.000000 -1.000000 7.000000 7.000000 11.000000 -6.000000 9.000000 -5.000000 3.000000 1.000000 2.000000 9.000000 3.000000 0.000000 4.000000 10.000000
5.000000 -8.000000 7.000000 7.000000 4.000000 3.000000 3.000000 11.000000 9.000000 -6.000000 2.000000 -6.000000 1.000000 -3.000000 5.000000 5.000000 6.000000 11.000000 4.000000 -5.000000 6.000000 -6.000000 4.000000 2.000000 8.000000 -1.000000 4.000000 1.000000 2.000000 -7.000000 7.000000 -2.000000 8.000000 6.000000 7.000000 -8.000000 9.000000 -3.000000 7.000000 0.000000 8.000000 7.000000 6.000000 -2.000000 5.000000 -6.000000 5.000000 8.000000 3.000000 3.000000 9.000000 -4.000000 10.000000 0.000000 5.000000 -4.000000 4.000000 -1.000000 4.000000 5.000000 9.000000 -8.000000 5.000000 -2.000000 5.000000 -10.000000 16.000000 2.000000 7.000000 -6.000000 11.000000 8.000000 9.000000 10.000000 6.000000 4.000000 9.000000 -2.000000 3.000000 -6.000000 12.000000 3.000000 7.000000 3.000000 11.000000 8.000000 4.000000 1.000000 1.000000 8.000000 7.000000 10.000000 10.000000 -2.000000 6.000000 0.000000 3.000000 3.000000 3.000000
5.000000 7.000000 4.000000 -4.000000 3.000000 -6.000000 6.000000 -3.000000 6.000000 11.000000 7.000000 -7.000000 4.000000 10.000000 8.000000 9.000000 4.000000 7.000000 6.000000 8.000000 11.000000 -2.000000 6.000000 6.000000 7.000000 5.000000 3.000000 10.000000 4.000000 -4.000000 14.000000 -2.000000 7.000000 10.000000 6.000000 -2.000000 5.000000 9.000000 4.000000 10.000000 3.000000 -4.000000 7.000000 -1.000000 8.000000 -7.000000 12.000000 -9.000000 7.000000 -7.000000 8.000000 -4.000000 8.000000 10.000000 11.000000 9.000000 4.000000 -3.000000 7.000000 -3.000000 5.000000 -7.000000 5.000000 12.000000 7.000000 4.000000 5.000000 8.000000 9.000000 5.000000 4.000000 9.000000 9.000000 8.000000 5.000000 2.000000 6.000000 -5.000000 4.000000 5.000000 6.000000 4.000000 4.000000 6.000000 6.000000 7.000000 5.000000 5.000000 5.000000 -5.000000 4.000000 3.000000 8.000000 -3.000000 8.000000 7.000000 3.000000 12.000000
8.000000 5.000000 5.000000 2.000000 5.000000 3.000000 7.000000 12.000000 12.000000 6.000000 7.000000 -5.000000 6.000000 6.000000 8.000000 11.000000 1.000000 -7.000000 11.000000 -9.000000 2.000000 -6.000000 7.000000 -5.000000 4.000000 8.000000 7.000000 1.000000 5.000000 2.000000 6.000000 3.000000 5.000000 3.000000 8.000000 16.000000 4.000000 4.000000 7.000000 -1.000000 9.000000 8.000000 5.000000 -5.000000 14.000000 -6.000000 5.000000 4.000000 6.000000 7.000000 10.000000 1.000000 3.000000 -8.000000 10.000000 -8.000000 8.000000 7.000000 11.000000 7.000000 11.000000 6.000000 7.000000 2.000000 5.000000 -2.000000 4.000000 -5.000000 9.000000 -4.000000 12.000000 -10.000000 4.000000 -2.000000 3.000000 0.000000 10.000000 6.000000 7.000000 7.000000 11.000000 -6.000000 3.000000 12.000000 4.000000 7.000000 10.000000 7.000000 12.000000 1.000000 7.000000 5.000000 5.000000 -6.000000 3.000000 -7.000000 8.000000
8.000000 7.000000 4.000000 5.000000 3.000000 7.000000 14.000000 -2.000000 2.000000 0.000000 7.000000 -4.000000 6.000000 6.000000 6.000000 1.000000 6.000000 10.000000 2.000000 -8.000000 13.000000 6.000000 3.000000 10.000000 5.000000 9.000000 4.000000 -2.000000 5.000000 6.000000 4.000000 0.000000 6.000000 -9.000000 6.000000 6.000000 1.000000 0.000000 6.000000 4.000000 4.000000 0.000000 6.000000 10.000000 6.000000 11.000000 7.000000 -4.000000 7.000000 10.000000 11.000000 10.000000 11.000000 -8.000000 8.000000 -1.000000 13.000000 11.000000 8.000000 7.000000 6.000000 1.000000 8.000000 0.000000 7.000000 10.000000 6.000000 1.000000 8.000000 -8.000000 5.000000 8.000000 4.000000 -4.000000 8.000000 -6.000000 1.000000 1.000000 8.000000 10.000000 7.000000 7.000000 5.000000 6.000000 10.000000 -3.000000 7.000000 11.000000 5.000000 -7.000000 6.000000 3.000000 15.000000 1.000000 8.000000 -10.000000
7.000000 10.000000 10.000000 -9.000000 3.000000 6.000000 5.000000 -2.000000 3.000000 10.000000 8.000000 -1.000000 7.000000 12.000000 5.000000 8.000000 1.000000 1.000000 7.000000 1.000000 7.000000 5.000000 6.000000 1.000000 3.000000 -8.000000 8.000000 -9.000000 5.000000 10.000000 13.000000 4.000000 7.000000 -3.000000 5.000000 4.000000 5.000000 2.000000 7.000000 5.000000 8.000000 5.000000 5.000000 -7.000000 6.000000 -8.000000 2.000000 7.000000 3.000000 5.000000 13.000000 -10.000000 7.000000 -8.000000 5.000000 8.000000 7.000000 5.000000 11.000000 10.000000 5.000000 -4.000000 5.000000 -1.000000 11.000000 -2.000000 7.000000 3.000000 5.000000 0.000000 6.000000 -6.000000 8.000000 8.000000 5.000000 -1.000000 6.000000 3.000000 10.000000 -4.000000 5.000000 -6.000000 4.000000 -3.000000 7.000000 11.000000 5.000000 10.000000 9.000000 14.000000 7.000000 11.000000 1.000000 12.000000 6.000000
4.000000 -9.000000 8.000000 -6.000000 8.000000 2.000000 6.000000 -7.000000 8.000000 -7.000000 15.000000 -2.000000 5.000000 4.000000 2.000000 -9.000000 4.000000 -5.000000 9.000000 7.000000 4.000000 5.000000 3.000000 -7.000000 7.000000 2.000000 7.000000 -3.000000 9.000000 9.000000 5.000000 10.000000 4.000000 8.000000 11.000000 -2.000000 14.000000 12.000000 5.000000 9.000000 8.000000 2.000000 15.000000 2.000000 7.000000 -1.000000 6.000000 6.000000 5.000000 3.000000 3.000000 -8.000000 5.000000 5.000000 10.000000 8.000000 2.000000 6.000000 5.000000 -5.000000 6.000000 8.000000 10.000000 1.000000 10.000000 -4.000000 6.000000 0.000000 10.000000 0.000000 12.000000 -7.000000 5.000000 3.000000 10.000000 -7.000000 6.000000 1.000000 6.000000 6.000000 6.000000 10.000000 2.000000 -6.000000 12.000000 -3.000000 3.000000 -4.000000 14.000000 8.000000 5.000000 7.000000 6.000000 12.000000
6.000000 4.000000 7.000000 -8.000000 5.000000 -7.000000 8.000000 1.000000 9.000000 7.000000 6.000000 7.000000 3.000000 3.000000 4.000000 4.000000 7.000000 -7.000000 9.000000 -8.000000 7.000000 11.000000 8.000000 4.000000 7.000000 -9.000000 6.000000 8.000000 10.000000 3.000000 7.000000 4.000000 6.000000 12.000000 9.000000 2.000000 7.000000 -3.000000 9.000000 -3.000000 8.000000 -6.000000 5.000000 -2.000000 8.000000 -8.000000 7.000000 -10.000000 10.000000 -2.000000 6.000000 1.000000 5.000000 -2.000000 10.000000 -4.000000 8.000000 -6.000000 7.000000 -4.000000 5.000000 0.000000 10.000000 1.000000 8.000000 -8.000000 8.000000 -8.000000 8.000000 7.000000 12.000000 8.000000 5.000000 -1.000000 11.000000 -6.000000 4.000000 1.000000 4.000000 3.000000 5.000000 -5.000000 0.000000 10.000000 3.000000 -5.000000 4.000000 -7.000000 9.000000 0.000000 5.000000 -4.000000 5.000000
8.000000 1.000000 6.000000 1.000000 7.000000 10.000000 4.000000 0.000000 6.000000 -3.000000 4.000000 -6.000000 8.000000 2.000000 2.000000 -7.000000 4.000000 6.000000 6.000000 -5.000000 12.000000 6.000000 9.000000 -6.000000 4.000000 -6.000000 4.000000 3.000000 4.000000 2.000000 8.000000 4.000000 6.000000 3.000000 7.000000 2.000000 3.000000 8.000000 7.000000 7.000000 10.000000 0.000000 10.000000 -1.000000 5.000000 16.000000 9.000000 -2.000000 10.000000 11.000000 6.000000 -2.000000 11.000000 1.000000 10.000000 -9.000000 7.000000 -6.000000 10.000000 -3.000000 5.000000 4.000000 5.000000 -7.000000 5.000000 -6.000000 6.000000 -4.000000 8.000000 3.000000 14.000000 -4.000000 5.000000 -5.000000 2.000000 -7.000000 12.000000 7.000000 5.000000 -6.000000 4.000000 -7.000000 11.000000 7.000000 5.000000 -1.000000 4.000000 8.000000 7.000000 13.000000 4.000000 -3.000000
2.000000 7.000000 8.000000 8.000000 4.000000 6.000000 5.000000 -8.000000 12.000000 19.000000 7.000000 8.000000 3.000000 6.000000 9.000000 5.000000 9.000000 14.000000 9.000000 5.000000 5.000000 10.000000 8.000000 -5.000000 7.000000 4.000000 4.000000 -5.000000 6.000000 1.000000 2.000000 10.000000 4.000000 2.000000 1.000000 -3.000000 9.000000 4.000000 7.000000 -8.000000 1.000000 -7.000000 5.000000 -1.000000 6.000000 -6.000000 8.000000 3.000000 8.000000 -7.000000 8.000000 2.000000 7.000000 10.000000 14.000000 7.000000 4.000000 10.000000 4.000000 6.000000 6.000000 2.000000 6.000000 -2.000000 3.000000 -2.000000 4.000000 3.000000 14.000000 -1.000000 7.000000 0.000000 13.000000 5.000000 6.000000 3.000000 2.000000 -5.000000 8.000000 4.000000 2.000000 -1.000000 5.000000 3.000000 5.000000 11.000000 9.000000 -5.000000 4.000000 9.000000 3.000000
2.000000 -8.000000 8.000000 -5.000000 10.000000 -7.000000 5.000000 0.000000 2.000000 -1.000000 10.000000 -4.000000 6.000000 4.000000 4.000000 -9.000000 7.000000 0.000000 6.000000 10.000000 8.000000 -5.000000 10.000000 -5.000000 5.000000 -6.000000 4.000000 1.000000 6.000000 4.000000 11.000000 -4.000000 9.000000 -7.000000 10.000000 1.000000 3.000000 9.000000 9.000000 -6.000000 7.000000 -1.000000 7.000000 5.000000 5.000000 -6.000000 3.000000 -3.000000 6.000000 11.000000 5.000000 -8.000000 5.000000 0.000000 8.000000 11.000000 5.000000 -5.000000 5.000000 10.000000 6.000000 5.000000 6.000000 3.000000 10.000000 8.000000 5.000000 -2.000000 6.000000 -3.000000 7.000000 9.000000 7.000000 -5.000000 8.000000 1.000000 7.000000 6.000000 5.000000 -9.000000 2.000000 7.000000 7.000000 -3.000000 3.000000 9.000000 3.000000 8.000000 6.000000 -7.000000
11.000000 -1.000000 11.000000 9.000000 8.000000 -2.000000 6.000000 9.000000 4.000000 5.000000 5.000000 0.000000 6.000000 11.000000 4.000000 -4.000000 4.000000 0.000000 9.000000 4.000000 7.000000 8.000000 10.000000 -10.000000 5.000000 -4.000000 3.000000 -8.000000 7.000000 0.000000 4.000000 9.000000 1.000000 -3.000000 4.000000 8.000000 3.000000 3.000000 8.000000 -4.000000 6.000000 -7.000000 9.000000 11.000000 5.000000 4.000000 5.000000 -1.000000 6.000000 4.000000 1.000000 9.000000 16.000000 4.000000 10.000000 3.000000 6.000000 10.000000 5.000000 -8.000000 10.000000 11.000000 4.000000 13.000000 1.000000 9.000000 6.000000 2.000000 9.000000 1.000000 7.000000 1.000000 11.000000 2.000000 4.000000 5.000000 7.000000 4.000000 12.000000 4.000000 7.000000 -9.000000 11.000000 6.000000 4.000000 6.000000 4.000000 -8.000000 3.000000
9.000000 9.000000 7.000000 -2.000000 3.000000 -9.000000 2.000000 -10.000000 8.000000 4.000000 6.000000 7.000000 9.000000 11.000000 13.000000 0.000000 6.000000 -5.000000 7.000000 10.000000 7.000000 -8.000000 4.000000 -6.000000 12.000000 2.000000 5.000000 1.000000 2.000000 1.000000 11.000000 -6.000000 9.000000 1.000000 4.000000 10.000000 7.000000 -6.000000 4.000000 -2.000000 4.000000 -8.000000 12.000000 7.000000 4.000000 -7.000000 5.000000 -3.000000 5.000000 -7.000000 4.000000 -9.000000 4.000000 7.000000 5.000000 5.000000 11.000000 2.000000 6.000000 -6.000000 5.000000 6.000000 5.000000 11.000000 9.000000 -6.000000 5.000000 7.000000 7.000000 10.000000 5.000000 6.000000 6.000000 -5.000000 9.000000 3.000000 7.000000 8.000000 3.000000 -5.000000 6.000000 6.000000 12.000000 -9.000000 1.000000 -8.000000 8.000000 -9.000000
4.000000 10.000000 2.000000 5.000000 3.000000 0.000000 7.000000 6.000000 5.000000 -7.000000 18.000000 10.000000 12.000000 13.000000 14.000000 -2.000000 3.000000 1.000000 6.000000 10.000000 6.000000 8.000000 5.000000 3.000000 13.000000 -7.000000 13.000000 4.000000 2.000000 0.000000 11.000000 -7.000000 3.000000 -3.000000 5.000000 -6.000000 7.000000 3.000000 13.000000 8.000000 11.000000 -6.000000 6.000000 5.000000 3.000000 2.000000 6.000000 11.000000 9.000000 2.000000 3.000000 8.000000 5.000000 10.000000 7.000000 2.000000 4.000000 -3.000000 7.000000 -1.000000 6.000000 4.000000 12.000000 0.000000 5.000000 5.000000 8.000000 -2.000000 8.000000 17.000000 4.000000 -8.000000 5.000000 6.000000 11.000000 -1.000000 8.000000 2.000000 11.000000 9.000000 8.000000 8.000000 0.000000 -3.000000 10.000000 13.000000 12.000000
7.000000 8.000000 8.000000 10.000000 6.000000 9.000000 3.000000 4.000000 7.000000 -6.000000 8.000000 -8.000000 6.000000 1.000000 1.000000 -1.000000 4.000000 0.000000 8.000000 -8.000000 5.000000 7.000000 6.000000 10.000000 7.000000 -9.000000 6.000000 -2.000000 8.000000 -2.000000 3.000000 14.000000 3.000000 -7.000000 8.000000 10.000000 6.000000 -7.000000 6.000000 8.000000 12.000000 0.000000 6.000000 12.000000 8.000000 0.000000 6.000000 -1.000000 5.000000 10.000000 10.000000 -5.000000 6.000000 2.000000 2.000000 9.000000 6.000000 6.000000 3.000000 11.000000 2.000000 13.000000 5.000000 5.000000 6.000000 -3.000000 5.000000 1.000000 12.000000 10.000000 9.000000 8.000000 5.000000 11.000000 6.000000 5.000000 4.000000 -7.000000 3.000000 -5.000000 7.000000 -2.000000 4.000000 9.000000 2.000000 8.000000
10.000000 8.000000 5.000000 3.000000 12.000000 6.000000 6.000000 2.000000 5.000000 -6.000000 1.000000 9.000000 10.000000 -4.000000 18.000000 8.000000 6.000000 7.000000 4.000000 -7.000000 5.000000 10.000000 7.000000 4.000000 6.000000 -1.000000 6.000000 9.000000 6.000000 1.000000 6.000000 -4.000000 5.000000 6.000000 4.000000 10.000000 7.000000 -4.000000 5.000000 1.000000 7.000000 5.000000 7.000000 -3.000000 6.000000 -4.000000 10.000000 -1.000000 4.000000 8.000000 3.000000 -3.000000 6.000000 -2.000000 10.000000 6.000000 6.000000 -1.000000 4.000000 19.000000 3.000000 -8.000000 4.000000 -1.000000 7.000000 -1.000000 4.000000 -4.000000 7.000000 -3.000000 4.000000 -2.000000 6.000000 -3.000000 11.000000 -2.000000 9.000000 1.000000 4.000000 -4.000000 5.000000 8.000000 2.000000 -2.000000 6.000000
6.000000 9.000000 7.000000 3.000000 7.000000 2.000000 6.000000 1.000000 7.000000 9.000000 6.000000 -5.000000 11.000000 1.000000 7.000000 3.000000 7.000000 11.000000 8.000000 9.000000 4.000000 18.000000 2.000000 0.000000 3.000000 -1.000000 10.000000 -10.000000 6.000000 0.000000 9.000000 -7.000000 5.000000 4.000000 6.000000 2.000000 3.000000 0.000000 3.000000 -7.000000 7.000000 4.000000 20.000000 -7.000000 4.000000 -1.000000 7.000000 0.000000 11.000000 7.000000 10.000000 10.000000 5.000000 -2.000000 8.000000 14.000000 9.000000 14.000000 2.000000 7.000000 9.000000 -4.000000 7.000000 5.000000 9.000000 -9.000000 11.000000 2.000000 4.000000 0.000000 7.000000 4.000000 8.000000 -3.000000 7.000000 13.000000 6.000000 3.000000 5.000000 11.000000 3.000000 -3.000000 7.000000 6.000000
5.000000 5.000000 11.000000 10.000000 6.000000 5.000000 10.000000 2.000000 3.000000 -7.000000 6.000000 -4.000000 9.000000 6.000000 4.000000 5.000000 4.000000 -6.000000 7.000000 10.000000 5.000000 -8.000000 11.000000 -9.000000 3.000000 9.000000 8.000000 -2.000000 4.000000 9.000000 8.000000 9.000000 6.000000 -7.000000 3.000000 6.000000 6.000000 17.000000 18.000000 -2.000000 7.000000 5.000000 13.000000 0.000000 5.000000 2.000000 7.000000 -2.000000 4.000000 -1.000000 4.000000 -1.000000 10.000000 8.000000 8.000000 6.000000 9.000000 10.000000 5.000000 -9.000000 3.000000 -3.000000 11.000000 3.000000 4.000000 -6.000000 5.000000 4.000000 4.000000 7.000000 2.000000 8.000000 5.000000 -8.000000 7.000000 4.000000 7.000000 11.000000 5.000000 7.000000 6.000000 -8.000000 7.000000
13.000000 -7.000000 8.000000 7.000000 13.000000 6.000000 6.000000 -1.000000 10.000000 5.000000 2.000000 0.000000 3.000000 1.000000 9.000000 -4.000000 3.000000 6.000000 9.000000 5.000000 5.000000 2.000000 4.000000 6.000000 9.000000 1.000000 3.000000 -6.000000 5.000000 -6.000000 10.000000 14.000000 7.000000 10.000000 7.000000 12.000000 7.000000 8.000000 3.000000 3.000000 7.000000 -5.000000 8.000000 -10.000000 8.000000 3.000000 4.000000 -5.000000 2.000000 -4.000000 6.000000 10.000000 9.000000 -5.000000 7.000000 -6.000000 8.000000 4.000000 7.000000 0.000000 8.000000 12.000000 5.000000 3.000000 6.000000 6.000000 9.000000 13.000000 6.000000 5.000000 8.000000 7.000000 8.000000 -6.000000 6.000000 4.000000 1.000000 -5.000000 7.000000 7.000000 9.000000 12.000000
8.000000 12.000000 7.000000 10.000000 6.000000 -7.000000 7.000000 4.000000 4.000000 13.000000 3.000000 -1.000000 10.000000 5.000000 4.000000 7.000000 10.000000 -9.000000 12.000000 10.000000 15.000000 0.000000 6.000000 12.000000 6.000000 3.000000 6.000000 -1.000000 5.000000 0.000000 3.000000 0.000000 4.000000 -5.000000 7.000000 -2.000000 6.000000 1.000000 9.000000 1.000000 7.000000 -10.000000 4.000000 9.000000 7.000000 -9.000000 3.000000 -3.000000 7.000000 6.000000 5.000000 -6.000000 3.000000 8.000000 12.000000 -6.000000 12.000000 5.000000 6.000000 0.000000 7.000000 -1.000000 3.000000 5.000000 7.000000 -7.000000 7.000000 2.000000 9.000000 0.000000 9.000000 6.000000 2.000000 -7.000000 9.000000 2.000000 16.000000 -3.000000 5.000000 1.000000 9.000000
4.000000 5.000000 4.000000 8.000000 4.000000 -7.000000 14.000000 0.000000 11.000000 -3.000000 7.000000 12.000000 7.000000 -4.000000 9.000000 0.000000 7.000000 -5.000000 5.000000 0.000000 16.000000 8.000000 8.000000 0.000000 9.000000 3.000000 3.000000 -6.000000 4.000000 2.000000 5.000000 -7.000000 11.000000 0.000000 4.000000 -4.000000 6.000000 8.000000 7.000000 6.000000 7.000000 10.000000 10.000000 14.000000 8.000000 3.000000 4.000000 12.000000 6.000000 -8.000000 8.000000 5.000000 5.000000 -5.000000 6.000000 -3.000000 7.000000 0.000000 4.000000 -1.000000 6.000000 9.000000 6.000000 0.000000 4.000000 -2.000000 5.000000 4.000000 2.000000 7.000000 13.000000 -1.000000 9.000000 12.000000 7.000000 -9.000000 5.000000 -6.000000 5.000000 -9.000000
5.000000 14.000000 5.000000 14.000000 11.000000 6.000000 6.000000 -9.000000 6.000000 -9.000000 6.000000 -5.000000 3.000000 3.000000 7.000000 -8.000000 6.000000 5.000000 9.000000 10.000000 16.000000 2.000000 8.000000 5.000000 8.000000 7.000000 5.000000 -4.000000 3.000000 -6.000000 5.000000 11.000000 1.000000 -7.000000 9.000000 10.000000 6.000000 1.000000 4.000000 14.000000 9.000000 -5.000000 3.000000 10.000000 7.000000 -7.000000 5.000000 -7.000000 11.000000 0.000000 6.000000 -2.000000 2.000000 -5.000000 4.000000 -3.000000 6.000000 12.000000 3.000000 -2.000000 4.000000 -1.000000 7.000000 6.000000 8.000000 3.000000 6.000000 1.000000 8.000000 -3.000000 8.000000 10.000000 5.000000 -2.000000 8.000000 -8.000000 8.000000 -1.000000 7.000000
7.000000 -7.000000 3.000000 4.000000 3.000000 6.000000 2.000000 10.000000 5.000000 -2.000000 3.000000 8.000000 9.000000 5.000000 8.000000 3.000000 6.000000 10.000000 4.000000 1.000000 8.000000 8.000000 4.000000 5.000000 5.000000 4.000000 4.000000 11.000000 6.000000 6.000000 13.000000 5.000000 7.000000 1.000000 7.000000 -7.000000 8.000000 -9.000000 6.000000 9.000000 3.000000 11.000000 9.000000 0.000000 8.000000 11.000000 8.000000 1.000000 6.000000 9.000000 7.000000 4.000000 6.000000 -5.000000 6.000000 -2.000000 6.000000 -3.000000 9.000000 3.000000 3.000000 -9.000000 12.000000 18.000000 3.000000 3.000000 0.000000 6.000000 7.000000 -2.000000 4.000000 -6.000000 6.000000 -7.000000 7.000000 -8.000000 6.000000 -6.000000
10.000000 -5.000000 6.000000 3.000000 4.000000 0.000000 5.000000 -2.000000 5.000000 7.000000 6.000000 1.000000 5.000000 -10.000000 4.000000 5.000000 12.000000 7.000000 5.000000 7.000000 6.000000 4.000000 4.000000 6.000000 4.000000 2.000000 6.000000 8.000000 9.000000 -10.000000 8.000000 17.000000 7.000000 1.000000 5.000000 7.000000 7.000000 -2.000000 6.000000 2.000000 4.000000 3.000000 6.000000 7.000000 9.000000 10.000000 6.000000 -1.000000 6.000000 8.000000 6.000000 -5.000000 8.000000 -5.000000 4.000000 8.000000 3.000000 -9.000000 4.000000 7.000000 6.000000 -7.000000 4.000000 -3.000000 5.000000 -6.000000 3.000000 6.000000 5.000000 9.000000 5.000000 -7.000000 6.000000 1.000000 6.000000 -1.000000 6.000000
8.000000 8.000000 10.000000 7.000000 13.000000 -7.000000 3.000000 6.000000 8.000000 0.000000 7.000000 -7.000000 6.000000 3.000000 9.000000 -5.000000 4.000000 6.000000 4.000000 4.000000 7.000000 -4.000000 7.000000 4.000000 6.000000 11.000000 10.000000 4.000000 8.000000 5.000000 5.000000 -7.000000 3.000000 10.000000 7.000000 -4.000000 9.000000 -7.000000 5.000000 -3.000000 5.000000 3.000000 8.000000 6.000000 11.000000 -9.000000 5.000000 1.000000 4.000000 10.000000 4.000000 3.000000 3.000000 0.000000 4.000000 0.000000 7.000000 5.000000 7.000000 2.000000 2.000000 5.000000 7.000000 8.000000 3.000000 3.000000 8.000000 7.000000 2.000000 1.000000 9.000000 8.000000 3.000000 -5.000000 6.000000 0.000000
5.000000 7.000000 5.000000 8.000000 17.000000 -6.000000 9.000000 0.000000 7.000000 -4.000000 8.000000 8.000000 6.000000 -6.000000 7.000000 7.000000 10.000000 -8.000000 4.000000 -6.000000 4.000000 -6.000000 10.000000 10.000000 5.000000 -6.000000 10.000000 -7.000000 7.000000 8.000000 5.000000 12.000000 11.000000 9.000000 10.000000 -3.000000 6.000000 11.000000 4.000000 -2.000000 6.000000 -2.000000 7.000000 0.000000 17.000000 11.000000 6.000000 5.000000 9.000000 -8.000000 3.000000 14.000000 2.000000 10.000000 7.000000 4.000000 12.000000 -5.000000 6.000000 1.000000 6.000000 10.000000 10.000000 -2.000000 6.000000 -2.000000 7.000000 0.000000 4.000000 10.000000 6.000000 1.000000 2.000000 4.000000 6.000000
6.000000 2.000000 11.000000 7.000000 5.000000 1.000000 4.000000 -5.000000 7.000000 2.000000 4.000000 -4.000000 5.000000 3.000000 7.000000 1.000000 11.000000 -9.000000 5.000000 -2.000000 6.000000 5.000000 5.000000 11.000000 7.000000 -1.000000 3.000000 9.000000 3.000000 8.000000 5.000000 7.000000 6.000000 9.000000 6.000000 -10.000000 8.000000 -7.000000 9.000000 -8.000000 9.000000 -2.000000 7.000000 -4.000000 6.000000 10.000000 3.000000 7.000000 10.000000 12.000000 5.000000 10.000000 5.000000 5.000000 6.000000 -2.000000 7.000000 -1.000000 5.000000 4.000000 6.000000 2.000000 4.000000 7.000000 6.000000 -5.000000 5.000000 -7.000000 10.000000 9.000000 10.000000 -1.000000 5.000000 -4.000000
8.000000 -3.000000 10.000000 0.000000 8.000000 -3.000000 9.000000 1.000000 3.000000 17.000000 4.000000 14.000000 6.000000 14.000000 5.000000 11.000000 7.000000 8.000000 8.000000 -4.000000 6.000000 7.000000 4.000000 -2.000000 2.000000 6.000000 8.000000 3.000000 7.000000 7.000000 2.000000 8.000000 5.000000 11.000000 8.000000 -5.000000 7.000000 7.000000 7.000000 -6.000000 7.000000 4.000000 8.000000 -5.000000 5.000000 3.000000 6.000000 7.000000 14.000000 -6.000000 7.000000 3.000000 4.000000 -6.000000 9.000000 6.000000 8.000000 0.000000 11.000000 11.000000 2.000000 -8.000000 7.000000 9.000000 7.000000 8.000000 6.000000 -8.000000 9.000000 13.000000 1.000000 4.000000 5.000000
8.000000 1.000000 7.000000 4.000000 5.000000 -4.000000 5.000000 5.000000 15.000000 -4.000000 5.000000 8.000000 5.000000 0.000000 7.000000 10.000000 4.000000 -3.000000 4.000000 5.000000 8.000000 2.000000 4.000000 12.000000 5.000000 15.000000 8.000000 -4.000000 13.000000 -10.000000 6.000000 -9.000000 6.000000 -5.000000 8.000000 -8.000000 7.000000 0.000000 3.000000 -7.000000 5.000000 4.000000 6.000000 12.000000 3.000000 -9.000000 4.000000 -9.000000 6.000000 9.000000 7.000000 7.000000 7.000000 1.000000 4.000000 -5.000000 10.000000 2.000000 5.000000 -3.000000 3.000000 -3.000000 11.000000 0.000000 4.000000 -5.000000 16.000000 -7.000000 9.000000 9.000000 5.000000 -10.000000
6.000000 -3.000000 5.000000 0.000000 8.000000 6.000000 9.000000 10.000000 12.000000 -5.000000 8.000000 -7.000000 10.000000 2.000000 7.000000 -8.000000 4.000000 4.000000 4.000000 0.000000 8.000000 -1.000000 5.000000 -5.000000 4.000000 10.000000 7.000000 -2.000000 14.000000 -3.000000 6.000000 -9.000000 9.000000 4.000000 6.000000 -8.000000 7.000000 2.000000 8.000000 6.000000 6.000000 -7.000000 6.000000 6.000000 9.000000 -9.000000 4.000000 5.000000 9.000000 5.000000 8.000000 4.000000 6.000000 9.000000 3.000000 -3.000000 8.000000 9.000000 5.000000 0.000000 5.000000 1.000000 9.000000 2.000000 9.000000 -8.000000 9.000000 4.000000 7.000000 -10.000000 5.000000
8.000000 -1.000000 6.000000 -10.000000 4.000000 -7.000000 4.000000 -7.000000 7.000000 4.000000 11.000000 -5.000000 4.000000 7.000000 5.000000 15.000000 3.000000 -3.000000 10.000000 -5.000000 4.000000 11.000000 7.000000 9.000000 7.000000 -4.000000 8.000000 7.000000 3.000000 6.000000 12.000000 2.000000 4.000000 -8.000000 3.000000 10.000000 5.000000 -8.000000 5.000000 -2.000000 4.000000 8.000000 4.000000 9.000000 2.000000 -2.000000 6.000000 13.000000 7.000000 3.000000 5.000000 9.000000 8.000000 2.000000 4.000000 -8.000000 7.000000 13.000000 6.000000 2.000000 2.000000 5.000000 5.000000 -6.000000 7.000000 -4.000000 3.000000 -3.000000 9.000000 -10.000000
6.000000 -7.000000 7.000000 -4.000000 7.000000 5.000000 6.000000 -2.000000 7.000000 -3.000000 1.000000 12.000000 7.000000 12.000000 6.000000 -4.000000 10.000000 -5.000000 5.000000 -6.000000 9.000000 -4.000000 6.000000 -8.000000 8.000000 3.000000 3.000000 -6.000000 6.000000 0.000000 5.000000 -9.000000 7.000000 2.000000 7.000000 -2.000000 6.000000 0.000000 8.000000 1.000000 7.000000 -3.000000 4.000000 -8.000000 8.000000 -10.000000 5.000000 -8.000000 8.000000 -5.000000 6.000000 10.000000 5.000000 7.000000 3.000000 -7.000000 3.000000 3.000000 7.000000 -3.000000 7.000000 1.000000 6.000000 5.000000 9.000000 5.000000 2.000000 13.000000 7.000000
6.000000 0.000000 5.000000 -1.000000 7.000000 10.000000 10.000000 -2.000000 6.000000 4.000000 0.000000 0.000000 7.000000 -7.000000 8.000000 0.000000 6.000000 5.000000 6.000000 12.000000 8.000000 9.000000 4.000000 4.000000 7.000000 -4.000000 6.000000 5.000000 2.000000 -1.000000 7.000000 0.000000 5.000000 4.000000 5.000000 8.000000 4.000000 5.000000 6.000000 7.000000 4.000000 1.000000 2.000000 8.000000 7.000000 8.000000 9.000000 6.000000 5.000000 4.000000 6.000000 5.000000 6.000000 11.000000 9.000000 -6.000000 10.000000 3.000000 12.000000 9.000000 3.000000 -3.000000 4.000000 -4.000000 6.000000 6.000000 7.000000 -6.000000
4.000000 -5.000000 5.000000 -4.000000 9.000000 10.000000 3.000000 2.000000 3.000000 -7.000000 7.000000 -8.000000 3.000000 -10.000000 10.000000 6.000000 9.000000 4.000000 5.000000 3.000000 9.000000 -6.000000 5.000000 13.000000 5.000000 10.000000 6.000000 1.000000 8.000000 9.000000 4.000000 -2.000000 7.000000 13.000000 3.000000 -8.000000 13.000000 2.000000 1.000000 12.000000 6.000000 11.000000 3.000000 13.000000 6.000000 -1.000000 1.000000 10.000000 4.000000 2.000000 3.000000 7.000000 3.000000 3.000000 5.000000 -4.000000 5.000000 8.000000 6.000000 0.000000 13.000000 -7.000000 6.000000 0.000000 4.000000 -2.000000 11.000000
8.000000 -9.000000 6.000000 7.000000 10.000000 6.000000 4.000000 5.000000 1.000000 -3.000000 8.000000 8.000000 9.000000 4.000000 2.000000 2.000000 5.000000 11.000000 6.000000 5.000000 10.000000 5.000000 5.000000 11.000000 4.000000 -8.000000 12.000000 10.000000 6.000000 7.000000 4.000000 0.000000 6.000000 -10.000000 10.000000 12.000000 9.000000 10.000000 7.000000 -9.000000 6.000000 -5.000000 3.000000 -9.000000 5.000000 -1.000000 9.000000 -1.000000 4.000000 12.000000 9.000000 -6.000000 5.000000 -6.000000 7.000000 1.000000 7.000000 12.000000 2.000000 4.000000 5.000000 13.000000 5.000000 13.000000 6.000000 9.000000
2.000000 7.000000 5.000000 10.000000 6.000000 -3.000000 1.000000 -3.000000 8.000000 -7.000000 5.000000 5.000000 10.000000 12.000000 7.000000 8.000000 6.000000 9.000000 9.000000 12.000000 5.000000 6.000000 4.000000 0.000000 2.000000 -8.000000 3.000000 -8.000000 5.000000 18.000000 14.000000 -8.000000 4.000000 3.000000 3.000000 -7.000000 10.000000 5.000000 5.000000 11.000000 5.000000 15.000000 4.000000 4.000000 4.000000 -10.000000 8.000000 4.000000 5.000000 -6.000000 7.000000 5.000000 4.000000 5.000000 8.000000 3.000000 7.000000 -1.000000 4.000000 1.000000 5.000000 7.000000 6.000000 5.000000 4.000000
6.000000 -10.000000 6.000000 -9.000000 2.000000 11.000000 5.000000 -5.000000 4.000000 -5.000000 7.000000 -5.000000 7.000000 -5.000000 3.000000 -4.000000 14.000000 6.000000 6.000000 4.000000 4.000000 0.000000 6.000000 -10.000000 6.000000 5.000000 9.000000 5.000000 7.000000 -4.000000 7.000000 4.000000 2.000000 8.000000 6.000000 9.000000 6.000000 5.000000 8.000000 6.000000 3.000000 2.000000 6.000000 12.000000 7.000000 9.000000 9.000000 8.000000 6.000000 5.000000 4.000000 9.000000 2.000000 -3.000000 7.000000 -3.000000 6.000000 -7.000000 8.000000 -3.000000 6.000000 -6.000000 5.000000 -3.000000
6.000000 10.000000 8.000000 -4.000000 8.000000 -9.000000 7.000000 -6.000000 7.000000 10.000000 7.000000 4.000000 4.000000 10.000000 8.000000 5.000000 5.000000 -4.000000 8.000000 -1.000000 11.000000 -3.000000 8.000000 3.000000 9.000000 6.000000 8.000000 -7.000000 4.000000 -8.000000 8.000000 -8.000000 9.000000 -4.000000 2.000000 10.000000 5.000000 9.000000 1.000000 -1.000000 8.000000 -3.000000 1.000000 10.000000 14.000000 -1.000000 10.000000 -6.000000 10.000000 0.000000 3.000000 9.000000 4.000000 -5.000000 8.000000 7.000000 7.000000 -8.000000 5.000000 2.000000 11.000000 11.000000 6.000000
4.000000 6.000000 7.000000 1.000000 4.000000 8.000000 6.000000 1.000000 4.000000 4.000000 11.000000 -3.000000 10.000000 -6.000000 5.000000 3.000000 6.000000 10.000000 4.000000 -8.000000 8.000000 3.000000 9.000000 -4.000000 8.000000 11.000000 7.000000 10.000000 5.000000 11.000000 11.000000 -3.000000 7.000000 8.000000 6.000000 -7.000000 5.000000 -8.000000 8.000000 -3.000000 7.000000 9.000000 2.000000 -3.000000 3.000000 11.000000 4.000000 -1.000000 4.000000 1.000000 3.000000 3.000000 9.000000 -6.000000 12.000000 -5.000000 6.000000 1.000000 8.000000 -6.000000 4.000000 3.000000
6.000000 13.000000 6.000000 2.000000 3.000000 0.000000 10.000000 -8.000000 5.000000 -8.000000 15.000000 2.000000 3.000000 10.000000 4.000000 -6.000000 8.000000 -7.000000 5.000000 3.000000 6.000000 7.000000 10.000000 0.000000 5.000000 12.000000 4.000000 -5.000000 7.000000 8.000000 5.000000 3.000000 2.000000 -8.000000 4.000000 -8.000000 8.000000 7.000000 6.000000 3.000000 7.000000 12.000000 4.000000 0.000000 6.000000 3.000000 10.000000 -2.000000 7.000000 1.000000 5.000000 9.000000 2.000000 6.000000 5.000000 -4.000000 8.000000 3.000000 11.000000 11.000000 4.000000
5.000000 -5.000000 6.000000 0.000000 5.000000 6.000000 9.000000 3.000000 7.000000 4.000000 6.000000 -10.000000 5.000000 8.000000 5.000000 2.000000 10.000000 10.000000 6.000000 -4.000000 8.000000 7.000000 5.000000 -8.000000 10.000000 8.000000 8.000000 -3.000000 1.000000 -3.000000 9.000000 -3.000000 6.000000 -1.000000 6.000000 -7.000000 5.000000 9.000000 11.000000 -1.000000 2.000000 10.000000 3.000000 4.000000 5.000000 -7.000000 5.000000 -4.000000 6.000000 -6.000000 11.000000 13.000000 6.000000 -1.000000 9.000000 6.000000 3.000000 -3.000000 7.000000 -7.000000
8.000000 -5.000000 8.000000 1.000000 9.000000 2.000000 8.000000 -2.000000 8.000000 7.000000 2.000000 8.000000 7.000000 1.000000 6.000000 -6.000000 9.000000 10.000000 9.000000 3.000000 5.000000 9.000000 4.000000 -10.000000 7.000000 -8.000000 6.000000 10.000000 5.000000 -1.000000 7.000000 10.000000 5.000000 6.000000 8.000000 5.000000 1.000000 0.000000 7.000000 11.000000 1.000000 5.000000 6.000000 -3.000000 7.000000 10.000000 4.000000 -6.000000 6.000000 7.000000 1.000000 -2.000000 5.000000 -7.000000 7.000000 -8.000000 7.000000 7.000000 7.000000
5.000000 -2.000000 7.000000 4.000000 14.000000 -7.000000 6.000000 11.000000 7.000000 -1.000000 4.000000 10.000000 9.000000 11.000000 2.000000 1.000000 2.000000 6.000000 4.000000 -6.000000 6.000000 -6.000000 8.000000 -7.000000 7.000000 7.000000 1.000000 -9.000000 10.000000 10.000000 4.000000 5.000000 6.000000 3.000000 9.000000 10.000000 7.000000 4.000000 4.000000 9.000000 8.000000 -7.000000 10.000000 -1.000000 7.000000 4.000000 3.000000 8.000000 4.000000 2.000000 2.000000 8.000000 5.000000 -8.000000 11.000000 0.000000 7.000000 -4.000000
2.000000 -1.000000 6.000000 3.000000 14.000000 4.000000 8.000000 -2.000000 9.000000 2.000000 9.000000 0.000000 5.000000 2.000000 10.000000 11.000000 7.000000 -8.000000 5.000000 -5.000000 2.000000 -4.000000 6.000000 7.000000 3.000000 3.000000 2.000000 7.000000 10.000000 -5.000000 8.000000 7.000000 4.000000 -4.000000 6.000000 4.000000 7.000000 -6.000000 4.000000 14.000000 4.000000 4.000000 4.000000 6.000000 9.000000 -6.000000 5.000000 -6.000000 6.000000 2.000000 11.000000 8.000000 4.000000 8.000000 5.000000 -5.000000 4.000000
5.000000 -3.000000 10.000000 4.000000 5.000000 -8.000000 9.000000 4.000000 5.000000 0.000000 7.000000 -8.000000 8.000000 5.000000 9.000000 -2.000000 9.000000 -4.000000 7.000000 5.000000 9.000000 -2.000000 9.000000 1.000000 10.000000 8.000000 11.000000 9.000000 6.000000 8.000000 4.000000 -9.000000 9.000000 -3.000000 5.000000 5.000000 8.000000 -9.000000 8.000000 2.000000 6.000000 -9.000000 7.000000 13.000000 17.000000 4.000000 5.000000 1.000000 7.000000 8.000000 11.000000 -9.000000 2.000000 -9.000000 5.000000 -9.000000
5.000000 3.000000 4.000000 -1.000000 8.000000 2.000000 5.000000 8.000000 4.000000 -1.000000 8.000000 -6.000000 4.000000 6.000000 10.000000 -1.000000 5.000000 9.000000 6.000000 2.000000 3.000000 -4.000000 11.000000 4.000000 7.000000 8.000000 5.000000 13.000000 3.000000 4.000000 16.000000 4.000000 8.000000 -2.000000 6.000000 7.000000 7.000000 -2.000000 10.000000 12.000000 6.000000 -6.000000 5.000000 -8.000000 9.000000 -7.000000 7.000000 5.000000 9.000000 10.000000 14.000000 8.000000 5.000000 -1.000000 4.000000
4.000000 -7.000000 4.000000 3.000000 8.000000 -10.000000 5.000000 4.000000 6.000000 -10.000000 8.000000 -5.000000 12.000000 -4.000000 7.000000 10.000000 2.000000 2.000000 11.000000 -3.000000 5.000000 -1.000000 6.000000 -3.000000 4.000000 7.000000 10.000000 -1.000000 6.000000 10.000000 4.000000 1.000000 9.000000 -4.000000 7.000000 3.000000 0.000000 5.000000 10.000000 15.000000 1.000000 8.000000 7.000000 4.000000 5.000000 -7.000000 6.000000 10.000000 6.000000 -4.000000 12.000000 9.000000 4.000000 -5.000000
5.000000 4.000000 10.000000 2.000000 5.000000 7.000000 11.000000 -10.000000 6.000000 10.000000 8.000000 4.000000 3.000000 -1.000000 5.000000 -7.000000 4.000000 -4.000000 8.000000 -6.000000 8.000000 11.000000 4.000000 -4.000000 7.000000 -4.000000 3.000000 -5.000000 5.000000 9.000000 9.000000 3.000000 8.000000 3.000000 5.000000 1.000000 4.000000 1.000000 3.000000 -1.000000 5.000000 6.000000 10.000000 3.000000 5.000000 6.000000 6.000000 3.000000 13.000000 10.000000 4.000000 2.000000 12.000000
7.000000 -4.000000 5.000000 -4.000000 11.000000 -2.000000 5.000000 6.000000 4.000000 5.000000 1.000000 -10.000000 12.000000 0.000000 7.000000 9.000000 4.000000 9.000000 8.000000 2.000000 6.000000 11.000000 2.000000 7.000000 6.000000 11.000000 7.000000 -1.000000 11.000000 -5.000000 6.000000 6.000000 10.000000 1.000000 8.000000 -1.000000 3.000000 8.000000 8.000000 -8.000000 3.000000 -7.000000 9.000000 6.000000 11.000000 -6.000000 7.000000 10.000000 3.000000 -2.000000 8.000000 3.000000
9.000000 3.000000 4.000000 -4.000000 9.000000 4.000000 5.000000 5.000000 7.000000 -9.000000 6.000000 13.000000 7.000000 -4.000000 6.000000 -7.000000 6.000000 10.000000 10.000000 -2.000000 9.000000 -4.000000 4.000000 -9.000000 9.000000 -7.000000 4.000000 3.000000 10.000000 5.000000 5.000000 3.000000 11.000000 1.000000 3.000000 4.000000 4.000000 8.000000 4.000000 3.000000 7.000000 10.000000 4.000000 -2.000000 4.000000 18.000000 3.000000 -5.000000 4.000000 -7.000000 3.000000
10.000000 7.000000 6.000000 1.000000 4.000000 -6.000000 9.000000 4.000000 10.000000 7.000000 6.000000 9.000000 3.000000 -8.000000 4.000000 4.000000 9.000000 -6.000000 15.000000 3.000000 5.000000 2.000000 2.000000 -1.000000 4.000000 2.000000 11.000000 8.000000 7.000000 3.000000 6.000000 8.000000 3.000000 -3.000000 7.000000 10.000000 6.000000 8.000000 10.000000 -5.000000 8.000000 11.000000 3.000000 -4.000000 3.000000 12.000000 5.000000 4.000000 6.000000 6.000000
3.000000 9.000000 9.000000 9.000000 7.000000 -8.000000 8.000000 -9.000000 6.000000 -1.000000 4.000000 -2.000000 11.000000 -5.000000 10.000000 -6.000000 7.000000 4.000000 4.000000 7.000000 4.000000 -3.000000 6.000000 -6.000000 7.000000 -4.000000 8.000000 4.000000 9.000000 5.000000 7.000000 8.000000 5.000000 3.000000 3.000000 10.000000 10.000000 3.000000 8.000000 8.000000 8.000000 4.000000 9.000000 2.000000 6.000000 6.000000 6.000000 3.000000 4.000000
5.000000 3.000000 2.000000 -7.000000 8.000000 2.000000 8.000000 -7.000000 3.000000 6.000000 6.000000 7.000000 12.000000 -9.000000 6.000000 -8.000000 4.000000 2.000000 5.000000 11.000000 12.000000 13.000000 8.000000 3.000000 8.000000 6.000000 4.000000 -9.000000 12.000000 0.000000 11.000000 -4.000000 2.000000 11.000000 3.000000 6.000000 7.000000 2.000000 9.000000 6.000000 8.000000 -7.000000 5.000000 -6.000000 2.000000 3.000000 9.000000 9.000000
12.000000 7.000000 3.000000 11.000000 4.000000 -9.000000 7.000000 -3.000000 9.000000 14.000000 10.000000 -3.000000 8.000000 -1.000000 6.000000 9.000000 7.000000 12.000000 5.000000 -5.000000 15.000000 4.000000 8.000000 9.000000 10.000000 0.000000 3.000000 5.000000 1.000000 15.000000 8.000000 8.000000 7.000000 0.000000 6.000000 5.000000 5.000000 9.000000 4.000000 10.000000 11.000000 -10.000000 6.000000 5.000000 8.000000 -8.000000 4.000000
3.000000 0.000000 3.000000 12.000000 8.000000 -9.000000 11.000000 1.000000 7.000000 -7.000000 3.000000 11.000000 4.000000 9.000000 4.000000 -1.000000 2.000000 -4.000000 12.000000 10.000000 5.000000 8.000000 15.000000 5.000000 8.000000 5.000000 8.000000 7.000000 4.000000 9.000000 5.000000 -10.000000 6.000000 -6.000000 4.000000 8.000000 5.000000 -3.000000 10.000000 9.000000 6.000000 0.000000 7.000000 0.000000 6.000000 2.000000
7.000000 8.000000 9.000000 -4.000000 8.000000 -2.000000 7.000000 1.000000 13.000000 -8.000000 7.000000 10.000000 5.000000 10.000000 4.000000 0.000000 4.000000 -1.000000 3.000000 -8.000000 9.000000 -2.000000 12.000000 -4.000000 5.000000 2.000000 9.000000 -10.000000 13.000000 6.000000 7.000000 17.000000 10.000000 6.000000 7.000000 -4.000000 5.000000 8.000000 5.000000 -10.000000 3.000000 1.000000 7.000000 -6.000000 5.000000
6.000000 10.000000 5.000000 2.000000 4.000000 -2.000000 5.000000 -2.000000 9.000000 4.000000 5.000000 -4.000000 3.000000 -2.000000 13.000000 -4.000000 7.000000 -4.000000 3.000000 6.000000 4.000000 -6.000000 4.000000 5.000000 10.000000 -5.000000 7.000000 -3.000000 6.000000 6.000000 11.000000 -2.000000 4.000000 -5.000000 4.000000 -5.000000 10.000000 -4.000000 8.000000 0.000000 1.000000 -9.000000 9.000000 4.000000
5.000000 2.000000 8.000000 11.000000 7.000000 1.000000 7.000000 -1.000000 9.000000 9.000000 7.000000 -4.000000 10.000000 -6.000000 6.000000 -4.000000 6.000000 -7.000000 8.000000 2.000000 5.000000 15.000000 8.000000 -5.000000 10.000000 6.000000 10.000000 7.000000 10.000000 5.000000 6.000000 1.000000 5.000000 6.000000 10.000000 -2.000000 7.000000 7.000000 6.000000 6.000000 6.000000 -3.000000 11.000000
5.000000 2.000000 4.000000 -1.000000 6.000000 8.000000 6.000000 3.000000 7.000000 -3.000000 3.000000 3.000000 6.000000 1.000000 4.000000 2.000000 7.000000 4.000000 2.000000 0.000000 4.000000 2.000000 11.000000 2.000000 7.000000 16.000000 7.000000 11.000000 10.000000 -6.000000 3.000000 -1.000000 1.000000 1.000000 4.000000 5.000000 8.000000 7.000000 4.000000 9.000000 5.000000 -7.000000
7.000000 10.000000 10.000000 12.000000 7.000000 0.000000 8.000000 1.000000 3.000000 -9.000000 9.000000 9.000000 8.000000 -3.000000 5.000000 -1.000000 8.000000 7.000000 10.000000 7.000000 4.000000 8.000000 8.000000 8.000000 7.000000 -4.000000 1.000000 1.000000 8.000000 1.000000 6.000000 -9.000000 5.000000 -2.000000 3.000000 -3.000000 7.000000 11.000000 4.000000 -5.000000 2.000000
8.000000 14.000000 5.000000 -3.000000 8.000000 -6.000000 11.000000 8.000000 6.000000 7.000000 8.000000 12.000000 3.000000 6.000000 12.000000 16.000000 7.000000 -5.000000 10.000000 -5.000000 6.000000 -4.000000 4.000000 0.000000 2.000000 -2.000000 6.000000 11.000000 10.000000 9.000000 7.000000 -8.000000 6.000000 -8.000000 3.000000 -5.000000 6.000000 -3.000000 9.000000 5.000000
4.000000 4.000000 5.000000 9.000000 3.000000 -4.000000 5.000000 2.000000 7.000000 7.000000 3.000000 -6.000000 7.000000 2.000000 5.000000 9.000000 7.000000 11.000000 6.000000 -4.000000 8.000000 5.000000 7.000000 8.000000 8.000000 -8.000000 6.000000 10.000000 6.000000 -8.000000 6.000000 -4.000000 13.000000 -4.000000 13.000000 -1.000000 4.000000 -6.000000 8.000000
11.000000 2.000000 4.000000 -2.000000 9.000000 11.000000 7.000000 0.000000 9.000000 10.000000 2.000000 5.000000 3.000000 1.000000 9.000000 8.000000 2.000000 -1.000000 5.000000 -3.000000 4.000000 -6.000000 5.000000 15.000000 2.000000 -6.000000 8.000000 -3.000000 2.000000 0.000000 8.000000 4.000000 13.000000 -5.000000 2.000000 -5.000000 3.000000 -4.000000
4.000000 -7.000000 4.000000 10.000000 9.000000 7.000000 11.000000 12.000000 3.000000 -6.000000 8.000000 -1.000000 8.000000 -1.000000 11.000000 2.000000 3.000000 6.000000 5.000000 1.000000 5.000000 0.000000 6.000000 -1.000000 8.000000 -1.000000 3.000000 -1.000000 7.000000 9.000000 4.000000 4.000000 1.000000 -2.000000 6.000000 11.000000 4.000000
4.000000 -10.000000 5.000000 -8.000000 4.000000 -5.000000 0.000000 14.000000 2.000000 7.000000 4.000000 -5.000000 11.000000 4.000000 2.000000 7.000000 9.000000 10.000000 5.000000 1.000000 3.000000 10.000000 10.000000 14.000000 6.000000 6.000000 5.000000 -2.000000 10.000000 1.000000 4.000000 9.000000 10.000000 -3.000000 4.000000 -1.000000
7.000000 4.000000 9.000000 2.000000 5.000000 -7.000000 6.000000 -8.000000 6.000000 -9.000000 8.000000 13.000000 5.000000 -6.000000 9.000000 -7.000000 9.000000 -8.000000 4.000000 5.000000 6.000000 8.000000 9.000000 -8.000000 7.000000 6.000000 12.000000 -5.000000 4.000000 2.000000 13.000000 6.000000 6.000000 5.000000 5.000000
9.000000 -5.000000 4.000000 5.000000 9.000000 3.000000 7.000000 0.000000 8.000000 1.000000 7.000000 9.000000 3.000000 5.000000 3.000000 -9.000000 5.000000 0.000000 3.000000 -7.000000 6.000000 6.000000 5.000000 5.000000 3.000000 -5.000000 11.000000 10.000000 4.000000 -1.000000 10.000000 -6.000000 9.000000 4.000000
3.000000 6.000000 7.000000 9.000000 7.000000 -7.000000 3.000000 0.000000 9.000000 4.000000 6.000000 -1.000000 7.000000 -10.000000 7.000000 0.000000 3.000000 10.000000 8.000000 -8.000000 6.000000 4.000000 4.000000 -6.000000 7.000000 11.000000 7.000000 10.000000 6.000000 5.000000 6.000000 -2.000000 7.000000
4.000000 -10.000000 7.000000 1.000000 4.000000 4.000000 8.000000 -8.000000 4.000000 6.000000 3.000000 -7.000000 1.000000 -4.000000 9.000000 3.000000 3.000000 5.000000 2.000000 -6.000000 5.000000 -3.000000 7.000000 11.000000 2.000000 0.000000 7.000000 4.000000 9.000000 8.000000 10.000000 5.000000
10.000000 -5.000000 6.000000 -8.000000 9.000000 -3.000000 3.000000 -2.000000 10.000000 -7.000000 11.000000 9.000000 6.000000 9.000000 4.000000 10.000000 6.000000 -10.000000 5.000000 -4.000000 6.000000 1.000000 11.000000 -1.000000 3.000000 9.000000 6.000000 10.000000 10.000000 4.000000 5.000000
5.000000 -6.000000 6.000000 12.000000 7.000000 -4.000000 5.000000 10.000000 10.000000 2.000000 9.000000 -4.000000 4.000000 -1.000000 12.000000 12.000000 6.000000 1.000000 4.000000 6.000000 5.000000 10.000000 4.000000 2.000000 6.000000 8.000000 5.000000 -6.000000 2.000000 8.000000
10.000000 2.000000 4.000000 -3.000000 11.000000 8.000000 4.000000 1.000000 6.000000 4.000000 7.000000 5.000000 7.000000 3.000000 8.000000 -3.000000 4.000000 -10.000000 8.000000 -8.000000 4.000000 2.000000 7.000000 1.000000 10.000000 7.000000 6.000000 6.000000 4.000000
3.000000 6.000000 8.000000 -1.000000 10.000000 5.000000 2.000000 4.000000 5.000000 -4.000000 11.000000 -3.000000 5.000000 8.000000 12.000000 4.000000 2.000000 3.000000 4.000000 6.000000 3.000000 6.000000 2.000000 -2.000000 4.000000 7.000000 8.000000 5.000000
6.000000 3.000000 8.000000 -10.000000 7.000000 2.000000 5.000000 -4.000000 2.000000 2.000000 5.000000 -10.000000 6.000000 -6.000000 1.000000 6.000000 5.000000 5.000000 5.000000 -6.000000 8.000000 12.000000 10.000000 0.000000 4.000000 2.000000 7.000000
9.000000 14.000000 5.000000 9.000000 11.000000 -5.000000 5.000000 1.000000 6.000000 9.000000 3.000000 8.000000 11.000000 2.000000 2.000000 2.000000 9.000000 -1.000000 7.000000 5.000000 9.000000 11.000000 6.000000 8.000000 5.000000 -8.000000
6.000000 -3.000000 11.000000 5.000000 7.000000 -6.000000 3.000000 -9.000000 7.000000 -6.000000 7.000000 8.000000 2.000000 10.000000 12.000000 -1.000000 6.000000 9.000000 3.000000 9.000000 9.000000 5.000000 1.000000 3.000000 1.000000
3.000000 -3.000000 10.000000 3.000000 5.000000 4.000000 10.000000 7.000000 3.000000 9.000000 9.000000 2.000000 5.000000 2.000000 5.000000 9.000000 9.000000 8.000000 4.000000 9.000000 5.000000 -1.000000 10.000000 -3.000000
5.000000 7.000000 3.000000 -1.000000 6.000000 -5.000000 3.000000 6.000000 14.000000 7.000000 3.000000 -8.000000 7.000000 -2.000000 4.000000 8.000000 3.000000 -3.000000 4.000000 -6.000000 10.000000 11.000000 10.000000
5.000000 -6.000000 9.000000 2.000000 1.000000 8.000000 11.000000 12.000000 3.000000 5.000000 4.000000 -7.000000 4.000000 10.000000 8.000000 -10.000000 7.000000 -10.000000 9.000000 -1.000000 7.000000 -2.000000
5.000000 4.000000 7.000000 -5.000000 6.000000 -9.000000 7.000000 -1.000000 13.000000 -4.000000 8.000000 -7.000000 3.000000 -8.000000 3.000000 11.000000 6.000000 16.000000 9.000000 6.000000 5.000000
7.000000 -3.000000 8.000000 -6.000000 9.000000 9.000000 5.000000 -9.000000 7.000000 5.000000 7.000000 5.000000 5.000000 6.000000 7.000000 7.000000 7.000000 6.000000 11.000000 8.000000
6.000000 -4.000000 8.000000 -4.000000 10.000000 -3.000000 5.000000 1.000000 14.000000 1.000000 7.000000 6.000000 6.000000 4.000000 6.000000 -2.000000 5.000000 -10.000000 14.000000
7.000000 5.000000 7.000000 5.000000 5.000000 -1.000000 2.000000 8.000000 5.000000 -9.000000 4.000000 4.000000 7.000000 6.000000 4.000000 5.000000 5.000000 9.000000
6.000000 6.000000 4.000000 7.000000 7.000000 -8.000000 3.000000 4.000000 9.000000 4.000000 8.000000 6.000000 7.000000 1.000000 5.000000 -2.000000 19.000000
5.000000 1.000000 7.000000 10.000000 7.000000 0.000000 10.000000 7.000000 7.000000 6.000000 6.000000 17.000000 4.000000 5.000000 13.000000 -2.000000
3.000000 -1.000000 2.000000 -3.000000 5.000000 3.000000 9.000000 1.000000 17.000000 0.000000 8.000000 3.000000 10.000000 -4.000000 6.000000
3.000000 -4.000000 6.000000 -6.000000 6.000000 -4.000000 7.000000 -1.000000 7.000000 8.000000 3.000000 -8.000000 1.000000 -5.000000
2.000000 4.000000 5.000000 11.000000 10.000000 12.000000 6.000000 7.000000 8.000000 -9.000000 4.000000 8.000000 13.000000
6.000000 -2.000000 7.000000 8.000000 9.000000 4.000000 8.000000 5.000000 7.000000 -10.000000 2.000000 0.000000
5.000000 -1.000000 10.000000 8.000000 5.000000 -2.000000 8.000000 12.000000 5.000000 3.000000 3.000000
9.000000 -5.000000 5.000000 7.000000 7.000000 8.000000 8.000000 -1.000000 4.000000 -6.000000
9.000000 11.000000 8.000000 6.000000 1.000000 10.000000 5.000000 12.000000 3.000000
4.000000 -2.000000 5.000000 0.000000 4.000000 -3.000000 3.000000 -3.000000
6.000000 1.000000 9.000000 10.000000 2.000000 2.000000 7.000000
7.000000 -6.000000 4.000000 6.000000 4.000000 -1.000000
7.000000 -3.000000 6.000000 9.000000 4.000000
12.000000 9.000000 8.000000 3.000000
7.000000 -10.000000 7.000000
2.000000 -3.000000
4.000000
