200
15 8 12 13 10 17 14 13 13 14 6 10 14 11 10 6 12 5 18 11 13 6 8 18 7 13 8 14 7 9 11 12 15 8 7 18 10 8 12 14 10 11 17 9 12 12 9 13 9 14 13 10 13 12 11 9 10 10 8 10 15 17 10 12 10 11 12 15 14 10 14 14 13 13 15 11 11 12 8 6 17 14 8 20 11 11 7 13 7 7 9 4 10 8 9 8 12 9 12 13 11 12 11 8 14 11 9 15 11 15 11 12 9 13 8 8 10 9 9 10 17 10 10 13 10 12 11 8 18 12 12 13 11 9 18 7 8 12 13 13 15 16 8 18 13 9 14 12 10 7 13 7 9 13 10 12 16 13 9 4 13 8 11 11 11 11 10 12 11 11 15 11 8 10 12 12 8 12 6 18 9 15 8 9 12 15 12 10 9 6 7 11 11 13 8 11 7 9 15 8
33 35 60 62 69 72 110 128 135 138 141 146 177 200 1
60 92 98 104 130 169 193 2
21 35 44 73 76 78 80 102 107 120 171 3
35 36 91 111 113 128 131 135 141 161 166 178 4
29 34 41 75 107 132 141 151 179 5
35 43 44 51 56 60 72 87 117 119 125 130 132 146 147 172 6
20 46 60 63 64 144 163 165 181 184 187 189 194 7
19 38 45 51 75 130 155 161 173 176 182 195 8
26 34 39 63 65 73 78 103 142 164 166 171 9
4 8 30 45 63 65 77 90 108 117 164 168 189 10
37 78 97 105 188 11
1 46 51 57 76 91 146 152 184 12
6 16 37 64 70 71 73 78 119 130 150 153 182 13
1 2 3 27 43 73 83 92 171 198 14
17 25 36 39 78 102 118 119 162 15
15 48 78 80 186 16
5 46 83 98 101 111 117 129 132 134 160 17
63 83 121 131 18
14 15 26 35 38 97 106 120 121 124 150 177 180 181 191 196 200 19
87 88 101 106 133 168 178 180 186 193 20
2 21 24 25 45 59 67 88 91 101 174 177 182
21 42 76 100 179 22
7 80 83 109 116 145 152 23
2 5 18 39 46 49 60 65 66 67 74 118 131 143 185 194 196 24
15 26 138 173 185 200 25
40 43 56 60 66 69 72 114 158 160 175 182 26
90 100 103 167 175 176 196 27
10 30 55 65 88 102 114 127 135 136 149 151 189 28
38 98 104 107 135 166 29
25 33 99 129 157 163 189 200 30
9 23 36 60 117 120 128 135 180 199 31
24 44 73 79 81 122 145 161 162 179 198 32
10 40 44 69 89 128 136 141 161 164 178 188 193 197 33
81 96 101 138 181 184 199 34
46 97 110 136 159 172 35
4 17 66 88 93 110 111 113 117 126 127 134 141 157 169 195 200 36
6 11 37 53 81 97 125 130 144 192
2 52 60 78 145 177 191 38
26 39 42 47 88 106 121 156 170 171 175 184
33 71 86 89 106 131 133 134 163 178 189 190 199 40
5 29 49 59 62 67 86 112 154 41
1 27 56 58 63 72 101 104 169 194 42
23 33 39 55 57 84 92 100 101 104 128 142 145 162 169 185 43
2 45 47 89 93 137 147 172 44
3 15 18 21 47 71 119 120 159 171 197 45
19 29 48 53 61 83 126 141 155 162 182 46
22 73 103 118 155 167 174 197 47
9 23 31 35 45 67 83 92 120 122 148 184 48
3 7 22 52 106 110 139 189 49
1 31 41 51 88 103 108 116 143 147 178 190 191 50
32 35 39 46 73 93 96 104 108 168 177 198 51
14 20 30 89 100 101 119 147 174 52
3 4 27 33 42 83 92 105 132 142 158 188 53
13 64 76 77 84 96 107 130 137 139 169 54
6 7 8 44 88 91 111 130 158 161 55
14 18 72 139 140 143 147 165 56
15 25 41 48 70 87 126 141 145 57
7 8 14 37 48 99 152 159 183 58
7 28 34 76 78 117 179 59
21 26 50 60 69 91 93 106 115 173
1 5 10 17 52 64 67 76 79 86 109 122 141 163 61
23 26 30 33 78 87 135 136 141 149 156 159 161 166 175 193 62
5 21 29 69 85 104 148 158 192 63
9 13 18 38 61 94 108 117 162 169 189 64
21 48 52 121 131 137 145 157 167 65
28 44 62 67 74 77 96 149 175 189 66
12 40 57 79 97 100 116 122 135 144 150 67
7 33 36 53 60 98 104 118 124 141 146 162 183 198 68
17 28 33 38 44 57 105 109 136 145 146 148 196 69
25 29 40 63 85 120 149 182 200 70
28 31 54 66 101 117 153 161 168 175 176 182 195 71
4 27 28 32 44 114 124 130 134 150 162 178 187 72
24 36 42 82 86 100 105 123 133 137 161 183 73
8 22 24 49 59 99 101 102 117 145 154 159 74
8 12 34 41 56 65 92 95 108 127 131 132 173 191 75
27 33 55 96 111 166 184 190 191 199 76
17 25 28 42 62 64 107 135 142 194 77
44 72 74 93 99 125 126 149 154 161 170 78
70 95 115 119 154 165 173 79
8 23 27 97 165 80
2 16 18 40 43 46 55 58 65 69 103 126 137 146 152 191 81
9 63 81 110 121 126 131 132 135 145 167 172 185 82
60 75 91 119 152 166 168 83
9 15 16 37 39 43 49 61 63 70 91 98 102 109 139 147 159 182 192 84
10 25 44 100 132 138 147 157 161 163 85
11 24 49 52 68 70 112 134 148 198 86
40 52 108 114 120 158 87
24 30 35 39 53 103 119 121 148 176 181 196 88
11 24 32 64 119 179 89
41 99 105 138 185 199 90
20 41 46 111 118 125 130 140 91
37 92 184 195
15 17 54 74 142 157 165 167 169 93
34 46 119 140 149 187 200 94
1 4 29 63 120 124 191 195 95
5 23 51 101 144 145 192 96
25 31 40 58 101 122 147 157 159 171 179 97
67 106 108 138 141 155 156 162 98
11 29 38 49 58 62 80 89 98 130 191 99
26 47 50 62 67 73 83 104 124 126 140 145 100
5 20 65 92 103 135 161 178 182 200 101
10 15 16 40 57 110 114 115 125 186 193 102
9 55 64 88 94 125 142 150 158 195 103
41 119 139 154 179 185 196 104
2 7 8 25 29 46 84 122 128 134 165 192 200 105
8 20 44 95 107 112 115 166 179 180 106
6 10 59 68 101 118 132 145 107
14 16 32 81 101 120 122 127 133 145 176 177 186 191 108
41 55 57 63 64 65 76 156 165 193 109
1 16 23 38 46 47 88 89 120 125 131 133 144 179 110
7 42 55 66 67 104 108 121 139 147 111
1 33 58 59 78 85 131 145 150 158 175 112
50 96 100 105 110 170 178 180 113
1 52 92 93 96 111 146 147 153 162 173 188 114
47 72 108 119 129 148 177 115
4 9 14 57 87 100 198 116
1 7 11 35 42 48 60 125 165 117
12 32 83 103 159 173 196 200 118
3 30 36 94 109 123 144 186 119
2 25 38 61 124 145 146 170 176 120
6 17 29 30 33 34 56 71 90 103 110 126 127 131 152 160 121
15 18 45 96 109 115 151 170 182 122
20 50 86 96 126 135 149 168 174 123
17 49 67 73 76 100 119 122 127 149 158 170 124
18 27 55 69 92 122 128 142 153 125
5 16 43 47 71 91 97 118 125 126 136 179
14 58 70 83 87 96 114 127 152 163 194
24 46 53 57 70 161 188 128
1 3 6 39 43 46 48 50 60 72 90 142 151 170 185 187 193 129
27 54 71 72 89 101 104 111 124 161 175 130
8 71 72 74 76 135 149 160 164 185 197 131
9 11 14 27 83 87 98 126 132 137 146 193 198
2 30 49 99 158 163 179 180 197 200 133
65 75 76 82 126 136 183 196 134
11 15 20 53 88 91 105 125 155 158 163 170 173 181 186 197 200 135
22 26 48 68 82 116 136
3 17 69 89 103 112 180 137
12 13 50 52 65 68 80 85 96 107 182 138
19 34 45 78 81 100 117 127 163 164 165 198 139
51 83 89 97 116 119 129 134 148 159 189 195 140
17 33 34 41 67 84 92 103 107 125 127 165 178 183 141
25 35 39 46 47 52 76 86 139 169 173 181 182 195 197 142
13 34 40 99 112 132 170 143
2 12 13 29 40 56 62 67 69 85 103 109 112 138 139 145 150 144
2 19 47 69 109 125 129 138 141 148 153 163 145
32 71 76 108 147 156 164 180 146
11 19 24 41 74 101 117 133 137 151 160 175 180 147
34 37 39 45 60 71 95 112 149 156 178 148
14 24 25 35 91 113 117 131 142 149
90 114 117 127 163 166 150
7 11 16 23 51 124 126 143 150 160 173 186 151
18 39 46 50 118 166 152
4 28 48 95 115 143 185 186 153
2 6 27 65 73 107 120 128 147 166 174 180 154
86 89 100 113 129 139 146 164 180 155
38 53 83 125 129 135 143 163 174 176 190 156
14 37 42 49 55 77 89 100 112 124 128 129 134 141 187 157
47 74 83 91 105 115 121 138 150 151 161 200 158
5 34 59 62 77 80 158 159 168
7 32 190 160
1 11 13 31 35 114 150 163 172 186 192 200 161
7 9 41 69 79 102 108 162
10 12 21 22 39 65 104 185 199 200 163
28 37 79 97 107 113 116 145 147 160 164
15 18 26 101 185 188 191 192 194 196 165
80 104 106 116 119 134 141 156 183 196 166
1 7 17 40 76 80 118 138 190 167
12 17 18 19 55 59 76 101 148 185 200 168
55 125 128 134 137 153 156 160 190 199 169
60 104 110 137 153 169 182 185 195 197 170
2 5 25 64 72 90 104 109 118 135 138 140 156 163 171
3 33 54 91 117 132 160 173 183 192 172
18 20 42 45 121 134 137 173
17 36 39 100 132 139 161 165 195 174
41 58 77 91 108 141 142 147 158 167 186 175
62 64 65 80 81 84 114 120 163 165 189 176
53 74 89 100 160 165 170 177
3 12 14 21 40 50 56 74 144 182 184 178
44 60 94 101 140 179
4 9 14 23 30 45 67 74 77 123 124 141 144 148 179 190 198 180
7 28 46 91 120 178 196 198 181
5 7 17 43 62 74 83 93 101 155 159 165 188 191 182
43 77 89 93 128 147 150 183
23 64 66 82 98 106 162 172 184
5 46 82 90 109 118 119 139 169 173 195 185
5 28 41 50 51 67 83 130 138 154 161 165 179 184 186
16 33 64 76 82 84 91 101 130 137 167 187
57 72 76 111 126 136 151 168 199 188
26 31 37 42 167 170 176 198 189
57 59 118 141 191 190
17 28 40 144 183 187 191
63 76 100 104 113 134 150 160 171 186 192
2 9 17 62 121 133 148 150 159 175 193
2 40 46 73 105 127 129 132 143 149 166 198 194
6 59 97 141 146 170 194 195
23 55 62 64 103 116 147 178 183 200 196
2 11 17 98 119 162 197
9 22 67 79 102 118 158 165 198
2 11 27 29 32 51 87 88 94 103 104 110 163 183 199
5 37 86 109 123 192 194 200
-17 -11 -14 -18 11 18 -3 0 -6 -2 9 25 1 4 -20 6 -4 -12 -4 -20 23 13 7 25 -4 7 -6 -17 -4 -3 -5 19 -17 -30 21 20 2 10 -5 8 -1 -15 -3 11 29 -23 -13 -13 16 0 9 -11 1 -25 -11 -27 -1 -13 -17 -5 -18 0 -9 -14 17 10 -9 -5 -12 -9 0 -1 5 -7 11 1 -3 4 0 -2 12 12 -5 -29 5 -4 -5 19 2 -21 0 -19 -23 -3 9 -9 -21 -2 3 -39 -13 -29 8 -7 -9 -14 -5 -22 11 -14 -16 -9 -3 -10 9 -30 18 -3 -23 -3 -11 5 6 14 -1 25 -13 -6 -22 -17 11 -12 -24 -27 13 -20 -22 -10 -2 20 -10 -31 -16 -10 -8 10 25 2 -24 -18 1 -22 4 -25 -29 -7 -28 -19 -1 -4 -11 -17 0 -14 15 -23 -2 -19 11 -6 0 13 0 -36 -9 -8 2 -4 -17 -10 -68 7 0 20 -27 -6 -15 7 -11 -27 -18 -17 10 21 11 11 23 10 19 -12
5 -17 -5 0 22 5 -2 0 -4 13 18 -14 -1 -14 12 -12 -25 -8 -14 0 -30 -5 2 1 -5 -19 7 3 -15 -11 -1 -5 -18 19 8 -29 2 5 -16 -8 -25 -10 -15 -7 -3 -3 0 -28 -16 -4 20 -1 -9 -25 -12 1 -26 -5 7 -19 -23 5 -1 5 0 -4 -8 -35 -2 12 -25 -1 -4 -40 -7 -35 -27 29 -7 -15 -20 -12 16 -8 44 12 -7 -4 17 -2 -27 28 3 2 -27 -14 -28 4 12 19 -14 7 -6 -13 -17 -3 8 3 3 3 -23 -3 -12 -25 2 -5 4 -24 28 0 -10 11 15 -5 -26 -35 11 7 -9 -15 -3 -12 2 -2 -1 19 10 -4 -13 -6 -29 -24 7 -5 -16 -12 -29 18 -7 -13 10 1 -21 -5 11 -21 22 2 -27 -7 -15 -31 17 -6 -2 -12 -35 13 -8 6 -3 -16 -9 5 -11 18 -8 -35 -15 -23 2 -16 0 10 -5 -18 -8 9 8 -17 -6 -25 -29 -16 -3 -2 -12 16 5
5 -10 -15 -7 -32 -10 5 -4 -9 -11 -12 -33 19 -1 -6 21 -29 -29 -1 -1 8 14 -4 -11 0 0 18 11 -12 -2 14 -12 -20 -5 2 -35 -35 -5 19 2 -10 -38 -16 -26 -9 23 -19 1 -34 -20 -13 -15 -17 -5 -23 -20 14 -7 12 -19 -11 -20 7 -27 20 -10 4 0 -16 -13 -15 0 25 -3 -10 -50 -13 10 -7 17 3 14 11 5 4 0 -32 -9 11 -32 -43 8 -11 4 -16 -18 17 0 17 9 -15 -8 -26 -29 -35 -16 11 -15 -12 -15 6 17 -24 6 -4 -28 -4 -19 -20 -10 -11 23 5 3 -24 -6 -14 -18 -2 5 7 0 -15 8 19 -8 -16 -25 -23 -17 -8 0 16 9 -23 7 9 -21 9 -5 7 10 18 -19 -2 -12 -6 -27 11 -6 -21 -10 2 -12 0 -5 6 -9 -15 -8 -7 -22 -16 -11 -14 -29 -25 15 -10 -14 -8 8 -15 11 24 -27 -31 18 11 5 -16 -8 -12 1 -36 -13 -7 21
13 6 -29 4 -6 -18 0 -1 -12 -14 -6 8 -3 -9 -14 4 -12 -28 19 -24 8 -23 -11 19 3 -6 -24 -6 -7 18 4 -31 -22 -8 -16 -3 -10 -2 -20 -19 -24 -17 -48 -3 -21 0 -20 -17 -22 -23 -21 -3 24 -11 -4 -13 5 -6 -4 -4 10 0 5 16 -1 1 -8 -16 -15 -5 7 -12 -12 1 -21 -27 4 12 -15 22 -23 -9 -14 4 19 14 -10 -2 10 6 -23 -5 -25 -8 -11 -6 -17 -30 -12 0 8 -4 -29 -20 25 5 -15 -22 -8 -11 -19 -29 13 -3 -3 8 0 -8 -29 -14 -33 -10 -2 -23 11 -3 19 3 -2 0 -4 -31 -22 15 27 5 -12 -36 9 3 -23 -33 1 -18 0 -5 -8 -35 -4 12 -20 0 -5 0 -12 -3 9 8 4 -24 6 -22 -32 3 -13 -2 9 -7 -13 0 -1 -31 -11 -2 9 7 -10 -31 -6 -16 -26 -10 -9 -38 5 8 -17 0 -5 8 16 -1 3 -21 -23 -34 -32
-5 -12 5 23 4 3 -2 2 19 -14 -15 24 10 -8 14 0 0 1 -2 -16 -12 -36 2 -7 4 11 11 18 -17 2 18 -25 -5 -25 12 2 8 -32 -3 0 8 -6 9 6 0 -8 -6 -7 -3 -16 -6 -8 -4 6 -2 -4 3 -15 -7 -1 12 -14 -19 8 -8 11 7 -8 -20 13 21 0 21 -9 7 28 -13 -11 4 1 12 5 -12 -9 -27 -1 0 -1 27 5 7 -1 -1 2 -12 -20 -12 -20 -13 -2 22 -31 -7 -12 10 -8 4 -9 -7 -18 -1 -32 -16 17 13 -16 -20 -2 -22 6 -11 29 -5 -5 17 -11 15 4 -6 -19 -24 -6 0 -6 -18 -14 3 -19 -16 -4 -29 2 -12 11 -18 -21 6 -12 -29 6 0 -22 -1 -17 -9 -9 -7 19 -1 -5 -33 -14 21 19 -16 -6 1 5 3 7 24 -15 -7 2 -9 -15 31 -16 0 0 2 -6 -2 -12 6 25 -1 24 7 9 5 -29 2 12 -11 0
9 18 -8 -7 11 2 -9 -5 16 16 7 -3 -24 9 -12 -5 -21 -15 8 -18 -30 -17 -11 -33 10 7 7 -41 -21 -19 -17 -8 0 6 14 -18 -16 -13 9 19 8 -25 19 -27 -26 19 -9 -27 2 -3 -34 -5 -8 -6 -31 -14 10 -14 -10 7 -39 -7 -19 16 -15 0 -4 -6 -23 -5 -7 -6 -23 -10 -10 3 6 -1 0 -29 15 -27 13 -33 0 -19 -6 -8 7 -8 -1 -35 -4 0 -42 -1 8 -19 -28 -2 -23 -14 -13 -35 -13 -30 8 6 -17 -28 9 9 19 -3 6 -16 8 -6 -3 -49 21 -5 12 3 8 -42 -18 4 -42 -5 4 -26 -11 -16 12 -10 -25 3 -28 -7 -49 12 -2 33 -16 9 -16 -10 14 -18 -9 5 -11 8 12 -6 -13 -10 -15 11 -4 -33 -8 6 -13 13 0 -1 -1 -28 -30 -1 -10 -20 -17 -9 0 -28 -1 -4 3 5 8 -8 -8 -14 -2 -12 -15 19 10 7 -16 -18 2
-30 0 15 -7 -6 -13 8 16 24 -19 -11 -28 13 5 2 2 -9 4 -12 7 -30 -2 -4 -6 0 -19 0 -18 8 -8 -10 -17 1 -4 7 -30 6 -22 0 -10 4 -25 -27 3 -9 -13 17 -10 0 -6 -27 -15 0 4 0 -14 -7 16 2 16 5 -12 -2 -30 31 -15 -6 9 5 -12 -35 -5 3 -26 -13 8 -9 -18 -3 -15 9 4 -38 7 -29 -28 3 -9 9 -1 -3 4 1 -14 -8 23 -7 -12 5 0 26 0 -1 -26 4 -12 8 -10 8 4 -1 -19 20 12 -8 -12 -15 -9 -20 -22 0 5 -20 -17 13 -5 -4 1 10 -31 -2 -41 2 4 -2 -7 -24 -15 -24 -9 13 7 7 -19 -8 6 -24 -43 3 7 23 5 -20 3 4 5 4 -37 25 4 -12 -8 -3 -5 -30 -10 14 -7 6 9 23 -11 22 -17 0 -47 -4 -1 2 25 -21 -18 0 -13 43 -6 -15 8 -19 -3 -26 -13 -1 -17
19 -30 3 -29 3 -14 -6 0 0 -14 9 32 17 -5 -5 29 -4 -11 20 0 0 -9 -4 -8 -28 35 20 3 -2 -5 -14 -21 -13 -6 2 -23 9 9 -18 -3 -37 9 -31 -8 7 -17 0 5 1 10 -24 2 9 0 -8 -25 -21 -32 25 -8 -18 -21 8 -8 -17 -23 -27 -34 -1 -23 -9 -20 -17 -3 16 6 3 -17 -18 -7 -6 -12 -8 -19 -25 -12 3 -11 -4 5 2 9 1 10 -8 -15 -21 3 -24 0 5 -7 -24 -21 9 -22 -3 8 -2 -15 1 2 14 -28 7 2 -1 3 -25 -10 -11 -1 -15 -1 -2 -13 1 -5 -6 0 -18 -19 -9 -12 -5 -23 17 -5 4 -41 -8 3 25 3 -25 -10 7 -26 16 -4 -12 -28 3 -8 -8 1 -19 0 -6 13 -5 18 -11 -8 0 1 -9 -8 0 -24 -19 2 -12 -4 -2 11 -29 -21 4 -29 -17 -17 2 -1 0 -6 -41 2 -11 -19 16 8 2
-11 -12 12 -3 -2 -24 -14 -12 -31 4 -18 -31 -14 -4 0 -12 2 -5 11 9 -17 -20 -20 -10 13 16 11 -8 -15 20 -7 19 6 11 14 17 20 -8 4 7 14 10 -1 9 -21 -16 -32 -13 -12 4 15 13 20 7 -12 -14 5 -1 -4 17 3 -22 -32 5 6 -1 -19 13 -19 1 -48 10 7 -11 -11 -36 -6 -22 -1 -12 -37 -12 -12 -9 0 -53 24 -15 -21 -3 -16 -21 11 -19 -2 -3 0 -7 4 -18 25 -3 0 -40 18 -19 22 -4 -1 7 23 3 7 -15 -19 -8 -12 -7 -22 -4 11 -21 30 28 -3 -4 -13 13 -5 18 11 -24 5 2 -23 14 -13 -1 3 -3 -1 -16 0 -4 -26 0 -14 -3 4 20 -14 -8 4 -4 25 -8 -14 12 -30 -21 9 23 10 -6 8 2 7 -25 -25 8 -12 -27 -4 31 1 -33 -1 -16 2 -17 -2 -3 10 -4 -5 15 -15 -16 -4 -21 -4 -6
0 10 -8 9 2 -1 0 -7 -11 -1 17 19 -2 -23 -10 -34 0 5 3 0 -4 -24 -13 -14 -30 5 -7 -23 -14 -23 -3 -10 -6 23 -13 0 8 -13 -24 -14 -12 6 16 18 -38 1 3 7 -4 15 13 -2 -12 -2 23 -6 9 13 20 -4 7 -1 -8 1 17 7 10 -12 12 -4 -16 30 -9 1 -8 -16 12 -7 -15 0 10 7 8 0 2 -2 6 5 3 -13 0 0 -5 -21 8 -9 1 1 -9 -28 -9 -12 0 -11 -10 5 -14 4 -8 0 1 -23 13 22 -8 1 7 7 8 -7 -15 -7 -9 22 -12 -9 17 -4 -48 -9 25 -29 -31 0 13 -6 -26 -14 11 -17 -29 -10 -6 -17 -23 -5 -20 -6 -7 -20 -18 0 1 6 -2 -13 28 -12 6 10 -6 -7 8 3 -1 -5 -13 0 0 9 0 -19 11 -23 3 29 20 3 -6 -6 5 16 -12 -38 -11 9 2 12 -5 3 -5
4 -15 -1 -30 3 -15 -6 -12 5 -13 -42 22 -7 -20 -3 0 13 -15 7 0 -7 -8 5 -8 -3 3 -32 0 -1 3 7 -4 11 4 -18 4 -18 9 5 -14 3 5 -3 4 -2 -11 2 -20 -12 30 6 0 -1 25 1 -9 -1 -5 -24 -29 -24 9 19 -3 -1 -2 2 5 3 -19 -25 -23 4 -7 28 -15 31 -3 -6 -7 1 -18 -6 -14 -11 -7 -24 22 11 0 -19 -22 0 -9 36 0 -5 7 -31 -1 -1 -14 -19 -13 -15 -1 5 -10 4 -8 0 -4 8 10 38 4 -17 7 0 12 -7 23 -24 9 21 -21 -16 0 23 -1 15 -19 -21 -11 -15 -1 3 7 -4 -22 16 -12 -25 6 10 -6 11 11 -20 -13 16 -2 -10 -40 28 0 -11 20 10 -4 9 26 12 -6 2 -10 6 -3 -10 -6 -21 -3 -17 15 -21 2 -14 -13 -6 -8 1 -22 7 12 -5 -15 7 15 -22 -5
13 -9 -19 5 -22 33 -23 -20 -28 -10 -33 -35 -20 -17 -2 10 15 -13 -8 15 -12 9 -1 -3 8 -11 15 -21 -2 -21 -3 -17 -12 -12 0 -8 -8 9 0 -1 7 -25 -24 -16 7 10 6 -2 0 -18 10 -22 -2 -2 -30 -1 16 -8 -5 12 24 6 3 -1 -4 11 19 12 -21 16 18 16 7 2 -5 -2 -17 12 -6 14 2 -7 -12 22 -2 3 -20 -1 -17 -15 -39 2 10 0 -2 8 -12 7 -2 3 14 19 -17 -11 -15 -14 11 22 -17 2 7 -11 18 1 -21 -24 7 -3 -2 6 -24 -17 -7 3 -17 0 13 -9 -10 20 24 7 0 -5 -6 -12 -4 -27 10 -19 -10 -15 -22 0 4 -11 -1 -8 -11 -19 -15 -17 -8 -32 14 4 -8 -7 -31 1 -5 4 -33 25 1 -13 -7 -32 -9 -9 9 -16 -5 0 -30 -3 -5 8 -22 -1 -1 -12 7 -11 -14 -2 0 19 -18
5 -7 -3 -1 -3 -3 -36 -16 1 -11 10 -5 -14 -20 -23 15 0 6 -19 -8 11 18 -23 0 4 9 5 -6 -20 -7 0 -40 -7 -15 -6 15 -29 4 -17 -17 -11 -4 -7 32 -12 -25 -29 -22 6 -2 -2 -26 19 -15 -4 -9 1 0 35 -7 10 -7 -6 -14 -24 -10 -19 0 -32 -27 29 13 -6 -19 -28 7 7 -3 -6 7 -12 -7 -1 -23 -20 -16 24 -10 -16 -4 -8 6 -7 -23 16 -53 -7 -16 8 -26 2 -2 0 23 -22 20 -5 -7 0 8 20 -12 -42 -19 -12 18 6 -13 8 11 -2 -7 -27 6 -1 -37 0 15 -8 -27 9 -45 0 -19 -15 7 3 -11 5 3 -21 1 1 -20 -2 27 4 2 4 -11 -7 4 -5 -20 -11 -13 3 -17 0 13 -28 -2 -14 -15 6 0 -21 -15 15 23 -6 -4 13 -13 8 4 12 12 -2 6 4 -11 -7 -18 5 -4 -3 -16
0 -8 -1 3 -10 -4 5 -5 18 -7 -40 -9 3 -20 7 -4 -8 -7 -2 -13 4 0 1 -18 26 -4 -7 4 0 -10 -14 -17 -18 -2 8 -32 -10 -6 -24 6 -1 16 -18 -46 10 -21 -21 -32 5 -8 -25 -13 3 -17 -12 -13 -10 0 -9 -7 3 9 -41 -20 -14 -1 6 -21 -2 -10 -21 20 25 35 6 -18 2 -4 -24 7 -8 -4 3 -7 -41 2 4 -12 -1 2 -10 5 0 16 4 -3 -24 0 -23 6 4 3 2 -17 10 -30 -10 18 -7 -4 -3 -12 -5 -6 -3 0 -5 17 -3 0 18 -13 3 -3 -30 -6 -23 -18 -21 -4 -17 -7 0 -21 -18 8 -12 -9 2 0 -11 12 10 10 6 14 -8 -1 10 -13 6 -12 -26 -10 3 -14 20 5 -21 -19 -44 8 5 16 -4 -25 5 -13 28 -3 -9 -27 13 -10 7 0 -19 -22 10 -4 -2 -8 -2 -15 -29 -22 -10
-16 18 -1 -5 -20 -28 -12 -4 -21 -3 -15 -32 -9 7 0 -11 4 -13 -24 0 -3 13 -26 -18 7 24 0 -19 -6 -7 -49 7 -23 7 -2 -2 -7 -21 -22 26 -13 -13 -14 13 0 13 4 -4 15 -7 10 -22 0 -10 -28 -9 3 -42 -1 -2 0 11 -15 18 2 10 -6 -22 -25 -3 -8 -8 18 -3 -11 0 -33 -40 9 -10 -33 -18 11 18 -21 22 10 9 0 0 -8 37 10 -3 0 -11 -29 -13 -12 17 13 16 -17 -26 -9 0 -32 9 7 -16 -23 -35 -6 25 23 15 -22 6 -10 -9 -34 10 -3 5 -7 -34 1 24 4 3 0 -7 -28 -2 -16 -8 3 9 8 2 -7 -10 5 -15 22 -13 1 -30 -13 14 12 17 -11 0 8 -10 3 -15 -19 -17 -20 -17 -6 -11 -2 -22 -38 11 -2 -13 -23 -5 1 -10 -7 0 -15 -10 -10 -7 -2 -37 12 0 -23 -13
4 -10 -15 4 36 2 -25 -13 -11 -1 -8 -8 13 -28 -16 8 -15 2 27 17 -30 -2 -21 -27 -24 -1 -34 -9 0 -34 -15 -5 -1 25 -8 -2 -18 -23 1 -35 -42 -35 -8 -4 7 -11 -4 38 2 -15 -16 1 -15 -20 -14 -7 -26 -11 16 9 -14 -1 15 -7 -29 -8 -8 -19 35 -23 -33 1 6 11 14 -5 -5 11 -15 2 9 6 20 -1 -26 13 4 1 -20 -3 5 -23 -23 0 2 -2 -26 0 -2 -32 4 -34 -17 11 18 -25 -14 3 11 5 -13 -1 -9 -19 -13 26 14 -38 19 1 3 -14 18 -17 10 23 2 -24 -3 16 8 -38 -3 -25 -15 -15 22 22 4 0 -10 0 3 7 -12 10 -15 2 -38 -14 -8 -36 14 -10 -11 -22 -21 21 -4 -10 -13 -14 -28 17 -27 1 -20 -21 -18 18 -22 -9 17 -13 -1 -13 0 -12 -8 9 -2 -3 -23 -15 18
-11 -18 -8 -1 -1 -12 -5 5 -3 -8 -23 -5 -41 -11 -4 -20 0 20 8 -20 0 -6 -8 -2 0 0 -8 -25 -17 -4 0 -15 9 -15 -3 -21 11 -14 -8 -15 -38 -5 -38 8 12 8 -4 -20 -5 -9 -3 28 -13 -28 -3 -4 13 -2 -10 -27 2 8 2 -16 -6 7 -12 -14 9 7 -7 -15 -17 5 -14 -21 -12 -6 13 -1 -10 -7 10 7 3 -11 4 -12 -20 -12 4 -6 -14 -17 -22 -6 3 -4 -2 -18 4 -23 -17 3 -32 -24 -5 4 -7 -25 16 9 -27 -10 -3 7 -11 -31 3 0 1 8 -11 4 -14 -1 -21 -1 -4 23 -14 -6 -22 -30 6 -8 4 -16 1 11 -5 -3 0 -23 8 -10 -11 -10 -14 -8 4 -23 -10 9 -9 -9 10 -34 13 -16 7 28 -1 9 1 7 -6 0 -15 -5 -23 -39 2 -13 -14 11 -19 -12 17 0 -1 -12 6 0
13 10 4 10 10 -4 8 -21 3 -12 -26 0 -9 -30 16 -14 -18 -3 -4 11 0 -25 -10 4 -3 -2 -11 7 -4 0 -4 9 8 -12 0 -5 13 22 0 -18 2 -15 -25 -13 9 -11 -3 -1 -11 -7 -22 6 12 -7 -15 -14 -11 -7 -6 -8 -12 14 -8 -12 2 -8 -12 -7 -4 13 0 -8 1 -34 -2 -16 3 20 -16 -6 -20 -10 4 -14 15 17 7 29 15 -10 -15 -20 -30 -22 -17 -4 -12 -14 14 2 -9 -29 -8 -11 -8 16 3 -15 -29 23 -3 -7 -10 -9 -5 -9 29 -2 -14 -26 16 -14 -46 -3 24 20 34 -27 13 9 -13 2 -4 -20 22 14 8 24 3 -15 3 1 15 8 -11 -10 -17 15 -7 -25 -29 3 -1 -14 -32 -12 -10 0 11 -23 -3 -16 -6 0 -15 -9 20 -3 -5 18 -10 22 -5 -31 8 2 -4 6 -19 -2 -5 -4 0
-5 -8 2 2 7 12 19 16 7 -14 -12 -23 -2 -7 14 -1 -13 1 -4 -3 22 11 -12 2 -4 18 -20 -13 -8 -19 7 -40 -9 -8 -32 -21 -14 -21 -15 -3 -21 7 -18 -15 27 15 23 -7 7 -6 1 -22 -20 5 -8 -10 -3 -9 -2 -3 -15 20 -14 21 -2 -1 -12 0 9 -10 -35 -16 -9 20 12 -15 -8 27 -7 24 -19 7 -12 5 -8 -5 28 -4 -15 -1 11 -23 -27 1 -20 -19 -13 5 -16 8 -1 -1 -10 -19 10 -8 -14 14 13 -32 -4 -13 30 -21 2 -13 2 5 23 1 -16 13 3 -7 -13 1 -32 2 1 20 -8 -4 -21 -3 4 -1 -13 2 -19 28 -1 -8 -12 15 -7 -23 30 -14 -25 -13 -8 33 -10 -1 -18 -23 -45 -1 -8 -32 -14 -9 4 -38 -16 -9 5 -6 -7 -23 9 2 -7 0 -29 29 -7 -5 10 -9 -35 22
-13 -37 1 24 -17 -2 -6 9 -16 3 -28 -55 2 -9 15 -7 -15 -3 13 -5 0 2 -26 -2 8 13 -2 15 1 16 -2 -5 13 -16 -2 5 0 3 24 4 7 -21 12 1 -4 5 13 -8 -8 0 -28 -3 -20 -14 10 -13 -31 -1 10 -34 5 2 0 12 -13 2 4 0 6 -11 -15 6 -25 -17 -6 1 1 -15 -2 -5 0 9 -17 -5 16 -30 -16 19 -2 -7 -4 -7 16 -8 18 4 7 -17 -7 4 -10 -10 -30 -31 -2 13 19 -1 -5 -8 31 -6 2 -9 -14 0 4 -9 -24 -39 -26 2 -19 -10 -14 7 -5 -25 13 2 1 15 -1 -6 -26 -12 34 -5 -22 -18 0 -14 19 -4 -41 2 -24 -7 -15 -29 -5 -12 14 -4 -8 -13 -15 -7 -13 -12 -18 -13 8 -23 -16 -7 -34 -3 -39 -10 5 5 18 8 -21 6 -11 -4 34 -4 -3
-15 0 4 -9 10 1 -5 20 0 3 6 -6 10 -3 13 3 -20 0 -25 -1 -11 -12 -6 12 -12 -4 -35 3 6 -18 -9 -31 0 25 16 -9 -14 4 10 16 -2 30 -2 -3 19 -17 32 -4 -41 -7 4 -4 -12 -35 -30 -3 -4 1 -8 -17 -7 -2 -4 -24 -15 0 8 -1 -19 -23 -1 3 -8 16 -4 -17 -7 -13 -11 -12 0 -10 -7 -5 -3 25 15 0 41 0 -28 -15 0 1 9 4 13 -13 7 18 14 -3 -23 0 5 -15 -13 -24 -58 -13 -6 2 0 2 16 -2 7 -12 -23 -18 9 4 -20 -7 -8 0 3 2 -7 -31 -25 -6 -3 2 6 7 -14 8 -14 8 -4 -6 3 -16 -6 2 -25 -4 -26 3 -1 -3 17 30 -16 -3 -26 13 5 -13 -44 -1 0 -7 11 -27 8 -24 8 16 25 -6 8 -20 -32 -12 0 -14 4 1
-36 11 19 -8 -8 17 -21 8 -6 0 -12 -4 0 14 -4 10 -1 -9 -1 -21 13 43 -4 -35 -8 1 -7 -7 -38 -39 6 6 -7 -1 -3 0 1 20 -7 21 -22 -27 -12 4 -55 -2 -3 3 -8 -12 3 0 -32 -15 -4 8 -6 21 -8 23 3 0 -22 -2 -11 7 -30 -7 12 -8 3 -3 12 11 -18 -21 -10 -31 -16 -14 17 -15 20 -22 -9 -15 -24 -24 -16 -42 0 25 -5 0 -8 5 -13 20 -34 18 -27 -21 0 5 2 -13 -5 -25 -10 -8 -29 -9 20 4 25 -9 -22 -19 -1 38 18 0 -27 -32 -35 -7 -25 2 4 -20 -16 12 -5 -18 3 -9 -2 -5 -6 15 1 -1 -17 21 -12 -6 -6 14 21 -12 13 32 -9 2 -24 -13 -15 2 -8 -22 -18 -20 -19 4 8 0 22 -26 -9 -18 4 -5 -11 -22 -1 24 23 -2 -23
-30 10 2 -3 -26 9 -9 1 5 -20 -12 -23 -2 3 -18 -1 -1 -17 -17 -6 -18 0 -17 -21 -37 1 0 16 -17 10 -14 -14 -17 -3 2 -3 5 -7 0 -16 6 -1 -36 -4 1 -3 12 -29 -20 1 8 -23 21 0 -1 -6 -7 17 -33 -16 9 -6 -13 -3 -15 10 -9 -6 30 -39 -8 -15 -17 -20 -9 17 -16 13 0 -22 1 -36 -22 -17 -8 -24 -9 0 -25 -18 -14 -14 10 -9 -7 11 2 -23 1 20 -19 -5 2 13 -26 -19 -9 -5 -5 -25 -19 18 14 -6 -9 -6 -17 -14 -21 9 19 12 12 0 -6 -16 -30 14 14 -19 13 -26 22 -14 -15 23 0 -1 0 -10 -2 -21 -10 -4 -9 -21 20 3 0 -22 -34 -5 -19 -16 -28 5 -14 9 -4 -1 10 -4 -6 -31 -13 8 -3 -1 32 -10 -15 -24 8 -2 -22 -20 -9 1
20 -27 -22 0 0 18 10 0 -29 11 0 20 -52 24 10 -7 11 -8 -1 -2 -29 12 1 -15 0 -11 4 -4 8 0 4 11 -8 10 -29 19 -9 -17 -1 -26 -4 9 0 -11 18 4 4 -11 8 -25 -19 -12 -12 16 -10 -15 -9 0 -14 -23 16 -8 26 -28 -15 33 20 7 -7 5 -6 -1 -4 5 -8 -1 -5 -21 -8 0 -6 -16 -1 -10 -14 -13 13 -12 -18 -38 4 6 -23 27 21 -6 15 6 9 -19 -6 -18 -43 4 -7 1 -28 -3 -13 0 7 -15 4 -10 -20 -17 -20 -27 0 4 -3 19 -15 4 6 -22 -7 2 15 7 0 15 16 16 -12 -12 -8 9 0 4 2 18 -20 -7 23 -9 -13 -9 24 3 -12 -25 -3 -45 -2 9 18 -6 -20 -5 19 -19 6 4 -22 -11 -22 -32 -21 -18 0 1 3 -38 -12 -12 10
-9 -16 4 3 -6 5 5 -16 1 -32 0 -6 -4 -3 0 -12 -13 -22 14 -17 8 -35 -1 8 -21 -14 -3 -29 -6 -15 -3 0 14 -10 5 -9 -4 -11 2 7 3 2 23 -9 8 -29 -2 -10 -16 -17 0 -27 -22 -14 -31 -1 -9 0 -22 0 0 -18 -7 -2 -3 19 -20 -10 0 -3 -56 6 -2 -38 -7 -3 -23 10 -12 14 0 -44 -16 -15 -37 -5 -7 -1 -23 21 -20 -3 -44 11 -4 -7 10 15 0 -16 6 -21 -10 4 10 -11 -29 -29 -42 -6 6 3 -6 -6 1 -12 -3 0 23 3 2 7 -5 -30 1 -17 -29 -23 1 12 -10 -6 2 3 -13 -40 -1 -10 -48 -31 -21 -22 27 -12 48 29 -32 -4 -4 -5 6 0 2 -21 1 5 -23 10 -7 -25 -14 4 -12 -17 -4 -35 -4 -2 -3 11 11 -6 -19 -13 -16 9
-14 -11 -9 6 -7 -5 0 -6 9 -3 -21 -2 9 -7 -5 -4 -2 -16 -7 -4 -24 -1 9 10 -35 -7 16 -23 -15 5 -10 -9 -2 -9 -6 -12 -18 3 22 -16 -5 -8 -3 6 -5 -8 -16 -10 9 -15 13 6 23 -12 -6 -22 -17 4 -3 -7 -12 -18 12 8 10 -6 -1 5 5 -14 -5 -1 -6 6 2 -17 7 -25 -15 -18 27 -11 -9 11 -11 -2 16 -3 -10 9 14 3 0 4 -19 -4 -28 -12 17 36 2 -5 -16 -6 7 15 -19 -26 -2 -6 -13 -20 1 -14 -33 -33 -30 -17 1 1 -3 -28 -31 -4 7 16 -2 -12 -20 -10 14 10 -2 -21 3 -5 5 0 -21 -18 -4 -27 28 1 23 11 -16 18 5 -22 -24 -25 0 10 -5 -17 -12 -13 8 28 0 -2 -32 -21 -6 8 9 1 -12 5 -1 0 -11 -3 -6
-12 -3 -13 -14 1 0 -17 3 10 0 -10 28 -30 -19 -23 -3 21 17 -11 -4 -18 -3 -1 16 -3 4 -8 0 -3 5 -23 -11 3 -12 -1 24 8 1 -10 13 10 -2 15 7 6 -16 8 -24 -7 -20 7 -36 -45 -15 6 -7 15 -7 -6 -12 0 -24 10 -20 -34 11 -15 2 22 15 18 -7 11 -51 -21 -1 -32 3 -16 -8 -42 -14 0 -2 -14 -15 -3 -3 4 -16 3 -27 -11 23 -30 -22 6 -10 -32 -25 9 -29 6 -7 -22 -11 -15 4 -14 2 -2 -36 1 -22 -17 7 24 -26 2 -11 0 -11 -8 -9 -1 9 5 -1 -19 -4 27 -5 -7 20 6 -13 11 -8 -17 14 -1 4 3 -12 -8 -6 -13 -8 -24 6 -25 -15 1 -20 -21 5 -29 -16 -6 -6 -9 5 -3 6 7 14 8 -20 -15 11 -22 -6 19 5
9 2 -20 -24 9 1 10 11 -8 -27 -6 -7 -9 18 -13 -24 32 -13 -26 -5 16 -2 17 -9 0 1 -18 -37 -12 -8 2 5 -8 -10 -11 3 -9 -6 -17 -2 -24 -7 -3 3 8 -5 15 -12 0 -5 -2 -26 -9 6 -2 -24 -5 0 26 -10 0 -29 -11 2 -6 -17 -13 -12 -21 1 17 8 -31 33 -3 -13 -11 -19 -24 -3 2 -18 7 18 -42 25 -3 6 -6 -12 11 -8 16 -10 -12 5 -13 -14 -50 8 17 -9 -8 22 5 -11 3 -29 -3 -3 -2 -4 -20 -14 5 13 6 -34 -35 -18 34 -6 -34 2 -36 20 -3 -5 0 5 10 -6 5 -7 -15 -13 -6 -18 29 -4 -10 15 4 22 17 3 -2 -9 -18 -18 11 -23 21 -7 26 14 0 0 -10 -21 1 -4 -18 5 -10 -25 -17 -33 -14 11 5 1 -17
22 29 -1 -9 9 -14 0 -6 -1 -5 10 3 6 16 18 26 15 -24 4 12 1 -20 -3 -4 -19 6 -15 20 -17 12 -7 -29 4 23 12 -19 -11 -14 -9 7 -9 16 -31 0 -8 6 -12 4 -18 -17 -1 4 -14 1 13 4 10 -8 -2 -12 -7 -20 -28 -4 0 -17 -5 -35 -3 11 -25 9 -37 15 3 -18 -5 -14 -20 16 -14 -12 -17 -10 11 9 -4 0 -5 13 -19 -2 6 18 -37 -11 10 16 -7 -8 -12 0 19 -3 15 0 -14 -22 -16 12 -3 5 -16 -23 -13 -8 26 3 9 3 -1 4 -5 5 17 5 -25 -39 -7 -5 -12 -3 2 12 -18 -11 -11 15 -28 -26 -12 -12 0 10 -11 19 -1 -8 0 -42 -19 -6 -8 -8 -2 -7 -19 -7 -19 0 19 -5 -10 -9 -13 -3 -11 -15 -13 -15 -8 -14
-17 -7 -6 4 -20 -28 0 6 -7 -10 -24 -20 -1 -11 4 -14 16 -8 14 -17 1 -18 18 -15 -9 18 16 -16 -13 -10 -6 -11 -31 -17 6 -15 -12 -7 -5 -21 6 -20 -18 15 14 -2 -34 -32 5 0 9 6 -14 -6 -14 8 -7 -19 -30 2 -9 -12 -9 8 -13 -42 -13 -24 -2 0 8 -21 -7 0 -20 -5 -3 13 -22 -6 -24 18 -23 -26 -22 -26 -3 -17 -23 -11 2 13 -2 -7 -3 -18 5 5 3 -5 -15 -18 -4 9 -10 -14 4 -5 0 19 1 1 5 1 4 -12 -21 -23 -17 -25 6 6 19 0 -17 -5 11 -4 -7 2 -5 -23 8 -28 -6 -21 -14 -8 24 6 -8 -24 -35 10 -1 -15 -26 10 12 -3 0 -18 -7 0 1 8 -28 17 20 -2 16 -24 -35 12 14 0 12 -14 15 5 -14
-9 7 -18 7 5 -27 5 15 6 -18 -11 -13 -2 4 -6 12 23 15 -45 -8 22 -26 -3 -7 -12 -38 -15 14 13 -16 -5 16 -17 -12 3 3 20 1 -3 17 0 -18 -29 -10 -25 -7 -18 -32 5 -10 -12 -27 -7 -4 14 7 9 -9 32 -6 11 -10 -25 -4 30 -3 12 6 -19 9 -7 -7 -22 -16 4 7 1 0 -4 3 -5 -36 -7 -37 -8 -8 -7 -2 3 -2 -6 -19 -1 -10 3 -9 -3 12 8 -10 -4 -27 -29 18 -14 -3 4 -10 -26 21 -12 2 -23 -5 -20 -5 -9 -14 -1 -15 0 -21 10 -34 -10 -19 6 -36 15 8 -22 -2 -16 -1 10 5 -19 -6 -12 5 2 8 9 10 -2 -5 19 -32 -25 -30 -11 -14 0 -22 6 16 8 -2 -8 15 5 4 15 11 -14 -40 8 -17 12 -6
4 -19 -3 -31 -6 -27 1 -9 18 -27 -7 0 -11 -4 -21 3 1 0 0 -14 -8 -1 -13 -16 4 -2 -7 -3 0 15 -24 0 -2 -12 -17 -4 -7 -16 -4 -10 -12 -14 2 -23 -20 3 -23 -28 -19 0 -12 -32 15 -4 -27 -5 -32 -5 4 0 2 -11 -4 2 -3 -20 22 -6 5 -3 27 10 -8 -13 -6 -8 4 -7 0 13 -22 -27 10 -1 -20 -23 -28 -7 4 15 -20 0 -7 0 0 4 -10 -20 -12 6 4 9 11 -1 -14 2 -19 4 -9 -16 -13 7 -5 -11 -17 -13 -33 11 26 -23 -3 1 5 -23 -13 7 -22 -12 -6 -20 13 16 11 -12 -10 -1 -14 -3 -10 10 -27 -22 -3 -5 -11 5 -13 -8 -1 -22 -13 10 15 4 -15 3 -11 -2 -21 -31 0 -7 13 -9 -14 -25 1 5 11
-1 -15 -7 -3 14 -6 -37 -14 -13 13 9 12 13 -5 -15 -10 -12 -10 0 1 -18 -7 -11 4 -10 -38 5 -3 -2 -2 -25 -28 9 -4 0 -9 -8 -38 0 5 -8 0 -10 11 -7 -13 -11 -9 15 -12 2 -14 0 -5 -9 -10 -13 33 -2 11 -9 -4 6 -10 16 -8 29 0 -9 -12 -7 -9 -16 -5 -15 -5 -29 12 0 -13 -10 -22 -51 -1 -9 11 0 14 -18 -7 -4 10 14 -14 11 -13 -3 -9 7 -5 -13 18 -29 0 -3 1 -17 -19 -25 14 14 -5 5 -7 -28 0 -7 -26 7 -3 -15 29 -13 -13 -10 -11 -12 -13 -17 -14 11 -17 -3 -6 -18 23 -7 0 2 -33 -29 -8 -7 0 13 15 -6 -5 7 19 1 -5 4 -6 -37 4 -19 -39 -10 -13 0 -7 -2 15 0 -3 -18 -14
-2 0 -7 -13 -9 -15 -12 -2 -9 -5 11 0 -2 -8 -16 8 -13 -31 12 3 11 -22 12 9 -6 -4 -10 -23 -13 1 24 -20 -2 -16 2 -8 -8 -6 -3 6 0 -1 -1 17 -28 20 -10 -20 -22 0 -44 -4 -30 -4 -11 -1 6 -24 17 -5 -1 10 3 -22 0 25 -6 -19 -2 -3 -18 -35 -6 29 3 10 13 -26 -6 -1 -17 3 -14 -5 -36 10 -29 10 15 -9 21 9 -7 12 -6 -12 -7 -41 -20 -23 16 -21 9 0 -14 -20 10 16 -20 -15 10 -28 -37 2 -19 16 9 -28 5 0 -5 -6 9 -10 4 -21 3 -5 -7 -13 -3 10 -33 -18 5 24 -15 -10 -13 -23 -28 0 -10 15 -20 -14 5 -10 -8 6 -9 22 -24 13 -5 -2 -21 -12 11 -34 14 0 -27 2 -10 -24 3
-17 -24 -6 15 -3 -12 1 -12 -14 -19 8 -5 -20 28 -1 12 -25 13 -6 -6 -6 21 10 -3 -13 -23 -3 15 5 4 -37 -13 3 16 -11 -9 9 -12 -11 6 5 -8 7 -13 -3 -6 -18 -9 2 -35 -5 -26 10 -4 -1 -13 -16 -5 4 -3 -19 -11 -10 0 9 -4 -14 0 16 -14 -7 24 4 16 -20 -12 -10 3 -1 -8 -16 0 -5 -9 0 -22 -14 -4 -15 -8 -11 10 -14 17 9 16 -14 -26 -12 -12 -8 5 -9 -6 26 10 -7 -19 9 -10 13 5 -23 -19 -17 -16 -6 11 36 -32 14 -16 38 8 -9 -2 12 13 -8 10 -11 -4 15 -18 -6 -29 -6 10 -7 11 -31 2 -3 1 -12 -23 -8 -3 0 4 -19 -19 -26 2 7 16 -11 -4 -31 -16 18 23 -8 -4 0 12
12 0 -23 -14 -3 -2 -38 -17 -6 -18 -17 7 -21 -1 -27 20 3 -11 -6 -14 -4 -20 9 20 -20 -36 1 2 -1 2 9 -33 24 27 0 17 3 10 -10 -11 -9 8 3 -30 -20 -7 13 15 4 5 11 -10 -39 14 12 3 11 1 -14 16 -40 0 0 9 -11 -14 -3 -24 0 7 14 -11 -5 0 -16 -5 6 -10 -25 -2 7 12 -7 -33 28 -33 -17 8 -5 15 -23 -26 20 -45 -23 5 -16 0 7 -5 -12 -13 0 -17 -32 14 7 -9 -3 -5 -6 6 12 15 -2 -16 -27 -16 3 8 -13 2 -5 -8 23 0 -2 2 13 11 20 -28 8 7 -39 -17 -17 -27 -23 21 -13 1 2 -13 -24 -9 -2 10 33 20 -26 -1 -3 10 8 -17 12 -6 0 -2 5 -4 -21 -5 -16
-7 -4 4 14 7 33 -24 -10 4 -2 1 21 -21 3 -6 -15 -8 -15 -6 21 4 -14 12 -6 3 6 -6 18 -33 27 -3 7 6 -20 11 13 1 -1 -13 22 -14 3 -5 -10 -14 -9 -28 -2 -2 13 -37 -20 4 -2 -4 -9 27 -29 -15 -8 20 7 5 25 -25 0 -10 1 -25 -34 -28 3 -28 -19 -13 2 -24 -12 -19 -4 -28 -11 -5 -3 17 -4 -9 -14 6 0 -1 -28 -5 8 -17 -33 5 -24 -5 12 -24 -17 11 -10 -14 -9 3 -1 8 -5 0 -22 5 -10 21 2 9 21 -12 13 -41 4 17 -3 8 0 13 12 9 0 2 -12 -24 17 6 0 -10 2 7 6 0 6 19 0 0 -4 -4 -33 -15 -36 -16 -12 -29 12 -8 -23 -10 8 1 16 -1 -29 3 15
-6 -27 3 -2 -3 -24 19 -33 -24 1 -21 3 -23 31 25 -17 -27 -2 0 -10 19 15 -18 -8 -6 -22 -2 15 -15 -7 12 -20 -18 -1 4 -12 8 -9 -16 0 -9 -14 8 5 3 3 -3 -27 16 -3 -2 -4 8 12 -26 -32 -11 11 -4 -31 -3 -26 4 3 -4 -15 -17 -16 -5 2 0 -7 -20 0 11 3 -1 -18 -1 -11 -7 8 1 16 0 7 -14 -9 8 -26 0 14 -1 -5 -5 -10 8 30 -28 1 6 7 0 -26 -9 10 -12 -26 -26 20 -4 5 -4 -2 40 0 8 4 -13 -4 -8 -24 -22 3 7 -36 12 -4 -4 10 -11 9 25 28 -17 -16 -19 -16 -3 11 -2 -20 -2 -4 21 20 0 24 -4 -11 -23 7 -4 -5 -14 55 -32 -15 -19 -3 4 25 -7
-16 -21 -18 5 0 -4 3 -25 -8 -8 4 -1 -8 -26 28 -32 4 -29 17 -25 21 -13 7 -8 -13 2 7 -2 -23 4 -15 -18 9 -14 -6 8 -20 3 8 -13 41 1 -28 -14 -1 -11 -12 -19 19 20 0 12 -7 -22 -32 -2 -11 17 31 -9 -5 11 -14 -24 16 -4 2 0 30 12 -16 -11 0 -18 -2 6 -12 -26 -13 12 -10 -24 -4 2 14 -19 0 -17 -7 0 -7 -5 -4 4 13 10 5 -3 -1 31 -16 21 -6 -9 3 -5 12 -7 -14 -8 -29 0 30 -5 3 7 -31 1 -16 -2 27 -22 2 -2 -23 26 -12 -27 -5 25 21 3 3 -32 -17 1 6 -15 -19 5 5 8 11 4 -4 -12 -11 -10 4 4 -19 2 -6 -3 10 24 -14 10 -6 -41 4 -24
-18 -1 -11 -29 -26 -1 11 0 -4 -8 -12 7 -15 2 -5 -6 -7 21 -12 -27 -14 5 8 35 0 9 -9 -6 5 -49 -22 -21 -25 -9 2 -20 -27 -30 -4 -3 3 -7 -1 22 -4 -15 -1 3 7 14 -22 -10 -14 -26 5 -11 -24 -23 -25 -24 12 -14 -6 -37 -9 0 8 -20 -6 -4 -14 8 -17 -3 13 -23 24 -1 5 -17 -3 0 -28 -3 -12 9 -8 -13 -37 16 -17 -14 10 27 -23 0 4 -8 -10 -7 17 -17 1 -19 -1 6 7 -15 -10 -26 -24 -13 -2 -21 -11 -3 -3 -13 -22 -9 13 -19 1 -18 -10 7 -20 -6 -4 -12 7 -7 21 -16 -19 16 0 -16 -9 21 -3 -7 -6 2 15 17 -17 -17 -8 -8 1 -8 -12 -6 -8 -13 -22 16 -6 -19 -20
0 6 0 -20 -5 28 -33 -1 14 -18 -13 -11 -30 -15 -13 -18 -29 -6 -17 -12 -20 -7 -19 -2 11 -20 -20 3 -23 -14 -7 15 0 0 3 -9 5 -2 -5 -25 5 -37 -5 7 -1 4 -3 3 2 26 -3 -9 7 -3 -31 5 -10 22 14 -6 -20 7 -6 -1 -3 8 26 -24 11 -36 -41 12 -17 8 19 -1 -12 4 -8 -32 -11 -3 -17 -24 -25 -12 10 -18 -20 -5 2 18 10 -11 -3 -12 12 19 -6 -18 -31 -10 -4 -21 -4 -17 -6 -10 5 -8 12 8 -11 -13 -36 -9 -19 -18 -6 18 -8 1 -8 7 -18 -23 -6 -5 -9 -4 -2 8 0 0 11 12 -15 -28 -25 -31 5 -3 -28 -28 8 -23 -4 -11 -34 -3 9 -2 -33 -4 -25 -26 16 -13 -11 -13
-3 34 5 6 -1 -4 -10 -21 -24 9 -3 -20 -11 -20 4 1 -14 -11 35 -23 -17 7 -30 0 -9 -10 -23 -4 -2 -13 -11 -2 -4 -1 -7 5 -10 -14 -6 10 -32 -24 1 -16 12 -2 -11 -5 20 -6 -6 39 -1 4 -9 1 2 -22 9 5 -11 -23 -24 -12 -9 -6 -24 11 -23 -12 -13 30 1 -20 12 -3 -1 18 -51 -1 14 15 9 1 -21 1 -2 -2 -6 -9 12 1 15 23 -1 -30 -14 -16 6 1 0 9 0 -8 -19 -7 20 9 -13 -2 -24 -18 -1 -13 8 -19 -3 1 7 -4 21 8 -25 3 -28 -18 33 -8 -6 -10 1 -3 -30 -20 -36 -7 -16 9 -9 12 -13 -8 -7 -30 -10 20 -13 10 12 -17 -29 7 15 -21 12 -1 -27 -17 12
-7 -18 -17 -22 8 17 -24 12 -17 -26 -2 2 9 -40 1 2 27 15 -19 -19 7 -19 -7 3 0 -16 -19 26 -11 -1 0 2 -1 -3 -2 1 -14 -2 -1 -13 -16 -4 8 -36 32 11 18 -30 10 -4 22 28 -11 18 -19 -19 -16 -3 -7 -35 19 -13 -14 17 -14 6 -7 -4 -17 -4 -2 -12 -26 25 -18 -13 1 -15 -4 -15 0 13 8 -15 -16 0 -9 -23 -16 -17 -3 -25 -1 -15 -7 7 -14 -4 -3 -19 -2 32 7 -24 0 -1 18 0 9 -12 -23 -2 -3 -27 -3 -5 -4 -33 28 3 21 -22 -25 -3 34 0 9 8 -9 1 17 -11 0 -14 -32 24 -14 -13 10 -23 4 -18 10 -36 -23 6 11 10 -34 4 1 -5 2 2 4 -10 -21 -17
-8 3 -3 -18 -6 1 -14 1 1 -23 -12 -4 -10 0 -5 1 -12 -12 8 8 -5 -13 -8 -27 -22 1 -12 -6 7 15 -13 -19 -8 -27 -1 19 -27 2 -4 -14 -19 4 -11 26 -10 -13 10 -16 -8 -5 42 -5 4 -18 1 13 11 0 -21 -26 19 1 -5 18 -24 -2 2 -10 -14 6 -10 32 -20 0 -18 -4 -30 -15 0 -21 0 6 19 11 9 34 -9 5 8 15 -1 -15 14 -15 -2 -18 10 -3 -15 -5 -16 -32 -15 -11 2 25 -16 -47 7 -10 -20 -28 -1 -12 -9 -25 -36 -3 -21 -7 2 -19 31 7 -13 1 0 -27 -29 -10 -32 -17 -1 -10 -33 -3 -17 26 -23 -6 -19 -9 2 -15 10 -2 6 8 -5 -13 19 -30 -16 8 -17 9 3
-32 -3 3 4 -15 -3 -17 -13 -9 14 -1 -9 13 -2 -2 14 4 -28 2 -10 -19 -12 -5 -38 1 14 16 -25 -9 17 0 -15 1 5 12 -4 5 -17 -16 -13 -10 -9 -25 5 25 -3 0 20 -5 9 -20 8 -8 7 -12 0 -3 -15 -9 36 -17 -5 16 1 11 -31 -11 10 -28 -12 -11 3 18 -22 0 -20 3 -2 -13 4 9 1 -9 -6 -28 -7 21 5 7 -1 0 -23 -1 -25 -2 -13 -11 8 -23 -14 -32 -18 -29 -1 -22 4 -13 17 14 -13 -39 -44 -1 -7 -28 -18 0 4 -16 13 -25 -3 4 15 -29 -20 -27 -10 5 13 19 3 -4 -22 12 -16 7 -27 -16 1 13 -8 -24 -6 1 -33 -34 11 -13 -12 13 -5 -4 -45 -3 -14
20 -19 -18 2 -18 16 -23 -3 -24 17 -5 -3 -5 -4 -13 -9 -16 -1 -6 -48 0 -37 15 -16 16 -6 0 -16 -9 -13 1 9 -17 -4 -8 2 -42 7 -13 -5 13 4 5 1 -6 -2 -10 -23 26 -24 -15 10 -18 0 -4 -23 -11 -17 -42 -26 3 12 4 -2 -2 5 -15 9 5 1 8 -17 17 11 -25 -2 -3 12 -4 -13 -26 5 -6 -9 -10 -19 21 -5 7 -5 -13 22 32 -33 11 -32 -19 14 -17 -6 -21 -22 7 17 0 14 16 -30 -12 -13 2 39 4 -30 -11 1 -24 31 0 7 -1 -4 5 -23 17 -4 -5 -26 6 15 -4 -27 10 -30 -3 5 23 -4 6 -2 -5 -21 -19 -20 4 -5 15 0 -26 -27 -5 -20 -28 3 -8
-16 -7 6 -23 -22 -8 -20 5 6 -30 -10 16 4 -18 -10 -18 6 7 -36 -19 -2 -2 -16 18 -12 -4 2 -47 4 -53 24 3 7 -9 -21 -16 24 3 -2 -37 -22 -3 6 -11 -8 22 -1 6 -9 -9 -14 -10 -5 3 6 -10 -23 5 8 -11 -5 0 -4 -14 -9 -23 -5 -5 4 -20 -30 7 12 6 -1 0 -17 -5 6 -27 -7 -18 5 -7 5 -4 12 -7 2 -2 -24 -3 -12 15 21 5 -25 -24 -18 25 -23 -24 -5 22 -4 8 -25 -6 -18 3 29 32 10 20 -39 0 -5 10 -7 -2 0 -20 -22 -5 -10 -2 -7 -15 -6 1 20 -13 7 -5 0 -8 -9 4 -9 -27 3 -6 -1 -10 8 -7 -22 2 2 18 0 -13 -11 -10
0 -6 -8 -4 -6 -11 -7 -31 -16 3 7 3 1 -18 2 0 -21 -4 -9 -16 11 6 9 19 -6 7 -20 -5 -2 -23 14 -4 0 -16 0 -28 0 -6 -24 -5 -10 -12 18 17 6 2 12 -21 -5 -26 0 3 1 10 8 10 12 -37 12 4 -7 -16 -35 -14 -23 -13 -18 -22 40 -14 4 8 7 4 -33 -24 13 -8 4 -24 -15 4 -8 -16 -35 11 -43 16 -24 2 4 -1 -30 2 -15 9 1 -32 10 4 -7 -2 2 -28 9 -25 -3 -8 -9 -27 -7 -9 4 -4 9 -19 -10 -20 -22 0 -17 -3 -15 28 14 -3 3 -2 0 11 -2 8 -2 -3 5 16 -20 11 3 -14 23 -29 -26 1 0 -10 -28 -17 -19 -1 -19 -42 -9
-26 -13 -38 -8 -4 -6 -31 -6 -5 -10 -19 -2 -4 1 13 23 0 3 0 9 3 -28 14 25 -11 -6 -40 -12 0 23 -2 2 -5 1 -5 -16 -15 -16 12 -8 -12 -19 17 -15 -10 4 -30 16 -11 6 -2 -10 -16 10 -13 13 0 -11 4 -25 -5 5 -14 27 -29 -22 13 -24 3 -15 7 5 -14 -38 17 1 0 28 0 -28 0 13 -9 11 -26 -3 -25 -6 14 -25 5 26 -19 5 12 -15 -10 11 -11 -5 -28 -11 0 3 7 -3 -3 -21 -26 3 17 -10 -22 8 -34 -18 -11 4 9 -13 -12 11 -10 -25 -26 -19 13 -27 -9 -24 -12 28 16 -13 -17 -15 -27 -9 -13 4 4 17 20 11 4 -13 -2 40 -17 -35 -17 -15
7 18 -35 22 -17 -7 27 4 13 -10 -12 -7 19 -7 14 -12 36 7 -5 20 -10 -1 -8 19 18 -16 -13 -13 14 -12 -6 19 -3 -12 0 -18 -11 4 -26 -2 19 0 29 -13 12 9 20 6 -9 6 13 -22 7 -19 -31 -5 0 -17 16 20 -5 22 -19 19 -33 -19 -25 -11 5 -26 -4 1 28 -1 -16 -15 20 -12 -5 -1 17 -3 23 34 32 23 -8 -4 -10 -25 -6 3 5 5 -21 29 -21 7 0 -2 0 25 -3 -7 4 -20 -3 -34 9 -6 -14 16 -6 -13 4 -15 -27 12 11 -8 -13 -4 -22 -23 -5 -1 -10 9 -8 17 5 22 4 -1 -19 16 -16 -24 -15 0 -10 0 -16 -11 0 0 0 2 -21 -8 -16
11 18 -10 17 -8 11 -8 20 -9 -23 7 -5 -18 14 0 27 -4 -2 22 17 3 1 2 4 -2 16 -18 39 -13 7 3 -3 12 -11 -14 3 5 17 -10 8 15 -26 4 5 -34 -8 -22 -31 -2 3 -12 22 -21 -14 3 -27 1 -20 2 1 -14 8 -9 -22 -12 -16 -10 6 -22 9 -31 2 0 9 -3 -32 -14 0 -17 -16 -7 9 7 -11 2 -1 -33 -8 -5 -7 -23 -20 -19 0 -28 -21 -12 -7 -2 -13 -7 -14 -5 -10 -20 23 -16 -20 1 -15 -21 6 6 8 -22 2 2 -17 -13 -15 -16 -10 -8 -5 -7 11 7 -26 -4 -7 1 5 -12 11 -22 -17 -6 -25 0 -22 -16 -2 -8 -32 -1 13 -1 -2 -10 -19
1 -4 15 -14 -12 -2 2 2 9 -7 -18 -14 -17 11 0 5 -1 -18 10 0 -34 -9 2 -6 -11 -16 -23 5 -22 27 8 3 7 -8 -23 -22 13 -6 25 10 0 -7 -7 -20 -1 -10 -6 -16 0 18 5 4 -12 -23 30 0 -2 -3 23 -16 -28 -34 1 -8 -36 -2 2 11 -11 1 -10 -42 16 -27 -4 -23 -6 -24 -13 -11 0 -12 -14 -5 2 -13 16 -20 -9 -3 -11 -16 21 -4 7 -12 -23 3 -20 -28 -6 -23 12 -1 8 14 -28 2 -16 -3 6 -9 -29 -2 -8 13 -12 -19 -14 -23 -1 -8 -21 -11 8 -9 -15 16 -19 18 -23 -13 0 -7 -14 -36 10 14 0 0 0 12 26 -15 5 19 7 4 -18
22 11 1 29 -8 0 -22 -22 -6 -17 0 -15 -20 22 0 -5 -5 -5 -29 -15 -1 18 7 12 -15 1 -5 18 -18 -21 3 -10 14 -11 -7 -15 -11 -27 8 -2 15 -38 -6 -11 -1 11 -14 2 10 13 -33 -10 16 2 18 2 -6 16 -11 -6 0 -5 -8 8 -3 18 27 6 0 0 -21 9 -1 -2 -3 6 0 -11 -8 3 -19 -9 -43 -6 -18 1 -7 7 30 3 -5 -22 -7 17 -4 -11 0 -15 9 15 -5 0 -16 -2 6 -5 -34 -1 5 6 -8 -15 4 -4 0 -12 -12 -25 8 0 15 -14 13 2 9 1 21 -8 -23 -5 -10 -32 -2 -36 -27 -16 10 5 -7 -17 3 -33 -15 -27 9 3 3 7
4 -19 7 3 26 -19 -13 -8 17 -3 7 -8 -10 33 -13 -2 -9 -8 -16 17 -6 -2 -10 -10 -10 -17 -29 14 -15 -11 -2 4 -10 -4 5 -14 -10 5 -4 -15 0 -24 7 0 7 -3 5 -1 -36 3 -12 -17 -21 2 -21 -14 -4 -25 -14 -19 -6 -9 0 -2 12 -8 41 -42 -9 -9 0 8 1 -12 8 1 0 -9 -27 -17 -20 0 -16 -1 -6 -11 -21 11 -3 -21 -37 12 -29 14 -13 9 -28 13 -11 -17 26 -14 -8 -39 10 -10 -18 8 -32 19 4 -8 -11 -13 14 -2 3 -4 -17 -10 -13 -15 -3 -25 8 -31 20 -5 -38 -5 -1 -8 19 -13 -14 7 26 -22 -19 9 -9 -16 -14 -3 -44 3 8
-6 5 22 -7 -20 3 -4 -22 -10 -7 14 1 -8 -28 20 15 -23 11 -3 17 14 -8 4 -6 10 -1 -19 -5 4 -41 -4 -5 0 -1 25 11 1 35 -2 -6 -39 1 -2 -20 -1 -17 -22 -10 -3 -8 -6 13 11 2 14 -18 3 -1 21 0 -10 -14 8 5 3 -12 10 11 2 -11 4 -22 -27 -1 -1 0 -13 1 -35 -24 -6 -3 4 -7 -10 8 -3 -9 6 0 12 -10 -7 1 9 -4 -9 -6 9 -6 14 -15 3 -47 -5 1 -8 -13 32 -8 11 -12 -1 -23 15 5 -13 -35 -2 -6 -15 -30 -11 -16 17 6 4 7 -22 -6 -7 -38 7 0 -7 -35 4 -6 -38 -5 -16 -2 -21 -1 -31 -2
-12 -6 -28 -20 -27 11 -2 -21 18 -2 -8 1 -14 -20 5 2 2 -6 0 -19 16 -8 -6 -10 -25 2 0 5 12 -11 -3 -3 -24 1 -15 0 -21 9 2 4 -14 -3 8 7 -6 2 14 -20 -26 24 -31 -2 0 -7 -33 -4 11 -12 -21 -22 -16 0 -12 7 -14 -16 -13 1 -7 -18 -5 -13 17 -10 5 14 -33 15 14 17 0 -6 12 -9 -15 20 -10 2 -8 -20 10 0 8 -19 14 -1 -23 -3 2 -9 -8 3 -12 9 8 -3 4 0 -14 9 8 7 19 8 -3 19 -23 -7 -12 0 -26 -6 -24 -3 -11 8 -1 -12 -2 -17 10 -5 15 -19 -9 -15 4 11 -1 -15 20 5 1 -10 5
4 -29 -7 -21 4 -2 -10 0 -24 -17 2 6 -34 -20 3 3 -7 -6 3 -5 -17 -8 -9 0 -12 -19 18 -9 16 3 -9 1 -5 7 -3 9 0 -11 12 0 -36 -19 12 -2 -2 16 -6 -24 -2 -9 -15 17 -3 -24 -13 18 1 -9 -9 -18 0 -2 17 -1 -20 15 1 -18 -46 -24 -7 -33 0 -5 7 -21 10 -3 -27 24 -28 0 -38 0 3 -12 -10 -2 -16 -12 -6 -5 -33 28 -6 -24 -4 9 -32 -3 5 3 -26 -34 -3 -5 17 -1 -10 31 -10 29 -5 1 -1 -7 7 9 -5 0 -17 -18 12 -1 -5 -16 -29 8 -12 3 11 -18 -33 -12 -21 0 -4 18 -23 2 -20 12 31 -32
8 -15 -1 -6 -15 14 -11 -6 4 0 -4 -39 -2 6 0 -3 22 1 -6 -30 -7 -7 -3 0 15 11 8 13 2 0 -19 -8 -11 -4 2 -30 -20 -6 23 -23 2 8 -6 27 -28 1 10 -22 -17 -18 -28 5 -1 14 6 -14 -5 -12 -38 3 12 -16 0 -10 -13 8 -11 4 -8 -7 -17 -8 -4 -16 2 3 4 -8 3 12 -6 -27 -1 -13 3 5 6 1 -37 0 10 7 -10 -2 -2 -16 7 0 -6 -1 -8 -19 2 2 13 -17 5 -17 -24 -1 -31 13 -10 19 -19 0 10 9 -13 -25 -29 -2 -6 -2 0 0 -22 7 -26 -19 16 20 -13 13 -4 -28 -6 -12 -27 -7 8 5 -21
3 -3 -34 16 -4 2 2 -18 -22 -37 -8 -9 -28 -3 -22 3 0 -11 -7 3 -9 -17 -8 -1 -5 0 14 -12 -6 -24 -18 -18 -16 -23 -9 -1 -14 1 14 -12 15 2 6 9 8 4 -8 -18 2 4 13 -4 -16 -19 -5 13 -7 24 -6 -18 3 -9 -20 -17 -16 -10 15 0 30 0 4 -18 14 1 -24 -33 16 -14 0 8 19 -4 -9 5 -3 -8 -20 -10 7 -7 -12 -9 -1 -8 6 10 -8 -19 -9 -15 -8 -32 -3 -39 6 -2 23 -4 -7 1 12 -3 -5 5 0 2 -28 -16 0 0 21 -24 -23 17 -9 6 -8 -16 -17 23 14 -5 -15 -21 2 -21 0 -9 -7 5 -4 4
-8 -6 -24 -8 -7 14 8 -18 -1 -21 -19 8 18 -20 -7 1 -4 -21 -7 -7 11 -15 1 13 -3 0 -14 9 -22 11 -4 -8 -22 2 0 13 10 -2 6 14 -12 -11 -25 -3 -28 -23 -12 -24 -3 -7 4 -28 4 -10 14 -38 7 -3 -1 14 -19 -5 10 15 -7 5 3 -7 -16 -5 25 -49 3 0 -11 -9 7 9 4 -20 -17 -25 -1 6 3 -22 1 -15 7 11 -4 -11 16 1 2 6 -16 0 -31 -51 -19 -18 -4 -9 -21 -15 10 8 0 16 -23 -8 -7 -19 17 -20 -27 -3 -15 -16 5 -19 1 1 -7 -15 -6 -38 -11 18 -4 5 -5 -6 -16 -10 16 16 -28 -3 -16
-1 -7 -5 21 8 22 3 26 -5 -6 -2 -8 4 -22 -27 -6 25 3 -10 -2 -12 -6 -22 -20 10 8 11 -15 13 0 -3 -22 19 -21 -37 -1 -1 5 -6 0 -18 13 1 -11 2 7 -13 0 -10 -34 -14 0 -39 6 0 7 -11 -15 -25 8 -13 -5 -7 -5 19 6 11 -25 -9 -20 37 -5 -15 4 -10 25 5 10 -20 15 -3 -4 14 -9 9 -15 -12 -32 -19 -51 9 4 -2 2 -25 -11 -10 -13 -4 0 -3 16 -17 -28 3 -29 -3 0 8 -27 3 5 -9 8 21 -4 0 15 0 -9 16 -11 -6 -4 -8 6 -20 -30 16 1 -12 -8 -13 -19 6 -24 -5 -16 -23 -1
3 5 10 -1 -13 4 -9 -38 -15 -1 4 14 8 1 -18 4 3 -27 -4 0 -16 44 8 -19 -11 -20 -15 -9 -5 5 14 -16 -35 -4 -11 -6 -15 -3 -23 -12 -19 -10 -14 -7 6 -12 24 20 -24 -4 17 1 13 2 -16 21 -25 -10 -24 -7 -2 2 -38 -21 4 4 6 5 -16 7 10 -9 30 4 -23 -12 -14 -9 16 -17 -11 -15 -21 -25 6 16 15 -9 -1 19 2 16 0 23 14 4 -12 -11 -4 3 -11 -28 14 -4 7 -10 2 11 -15 -23 -13 8 -11 -22 -11 -23 -14 -9 -20 18 0 8 -1 -6 8 -14 11 4 -28 6 -10 -23 -15 -27 -15 -44 -6 -10 -17
-24 0 -26 -15 0 -12 -13 -32 -32 3 8 7 -7 -3 -9 8 -8 24 -16 5 -11 -10 -17 -9 -5 11 0 -18 -8 -18 4 2 -9 0 -5 -26 -15 12 -26 -3 -25 -13 1 12 5 26 -2 -5 -23 -28 -10 -29 -25 2 -22 -12 -14 -15 -26 -39 -16 2 -8 0 20 -6 -27 -4 -19 -28 -15 -17 -10 0 15 -14 0 -13 6 -13 6 -18 0 6 -3 2 4 -22 -15 0 -5 -7 -7 -5 7 -21 -7 -10 26 -23 0 -33 -19 3 -36 -19 2 3 25 2 18 -21 11 7 -13 -9 7 13 -34 22 13 -14 -17 -29 -1 -19 -18 3 -14 10 -11 -24 3 -13 3 -18 4 0
-36 3 -9 33 -5 -1 -16 -8 -2 13 -28 -11 13 7 1 12 -1 3 -1 -14 -42 -9 -3 -5 -22 -12 -18 1 -9 0 -13 12 -8 -22 11 -7 -17 -1 -20 -14 -26 18 -7 14 2 -2 -15 0 -29 -1 -7 7 7 -13 6 -6 41 -18 19 -1 -26 5 1 -16 14 10 14 -14 -14 -4 -40 33 18 0 -25 -15 -11 -8 -4 2 -12 0 -7 -23 4 11 9 -12 -1 -12 -11 15 1 27 4 15 -20 -11 8 -1 -9 -7 -23 16 -17 -10 -6 9 16 -17 5 -25 0 -12 7 16 -13 -33 5 -5 -33 -1 -2 -3 -34 24 -5 -11 -14 -12 -3 -5 -3 -9 11 -37 -11
3 -23 -19 -3 -33 -8 -4 8 -11 -34 -8 -29 -11 -5 14 -8 2 -24 -22 4 -8 11 17 -27 4 -4 7 -33 -12 8 8 3 -18 0 19 -15 10 2 -14 16 -23 15 -23 -25 -10 -4 -1 -14 -25 13 20 0 -13 -15 1 -19 -5 -19 -1 -1 5 -2 12 -38 -9 -27 16 11 -19 -14 24 -23 20 9 -24 -14 3 -9 -20 -43 -13 -4 -8 -30 -7 0 -45 4 -30 5 16 12 7 -18 -21 0 8 -6 2 0 -9 0 35 7 -38 0 0 -15 -7 10 -37 21 21 -9 3 -24 8 -13 -2 14 -10 -9 11 -14 -14 -36 -11 -8 -13 -18 -15 15 -5 -23 -18 -6
-17 17 -9 -1 -11 -12 4 -17 -32 -17 -9 1 -44 -39 -8 -21 -29 2 -9 3 -11 -2 1 -9 12 18 -9 -25 3 6 -8 15 10 -16 -29 -31 0 0 -12 5 -8 -18 -21 -1 2 -11 9 -18 -6 10 -2 -2 -9 3 22 16 -3 8 -27 14 -7 2 -6 -12 25 -12 17 -12 4 16 -4 -27 -2 -1 3 -8 1 -16 16 5 0 -24 -12 1 -20 -4 13 2 -9 -2 -14 1 -7 -24 12 -17 -6 -17 10 -9 8 2 1 18 8 -8 -14 2 -15 0 10 -7 -13 -26 8 6 -12 -32 -18 -15 11 0 -12 -8 -42 -13 -27 -8 -1 7 -1 4 -13 -14 -11
20 -20 19 17 11 -15 -24 3 -3 -8 -19 4 -14 22 26 -40 -1 6 5 -19 -19 -43 -9 21 39 -8 11 9 11 1 14 -4 4 -10 -9 4 2 3 0 -27 9 -11 -2 -5 -26 15 1 38 -5 -13 -8 -3 -21 17 6 -13 0 27 -15 -2 10 9 5 -15 -7 3 -15 19 0 -14 -9 -13 -22 -14 -24 -5 -9 -14 13 -8 -33 -11 17 18 -15 2 -19 1 -6 -22 -9 10 4 -1 -4 1 20 -27 -6 -7 -13 -36 10 6 -1 -13 -11 -4 2 -10 3 -15 -3 -15 17 0 0 26 -9 25 -12 6 -7 -17 -9 -11 -16 -10 -7 -8 -11 -20 -11 -4
4 20 -10 -2 -16 -12 0 29 -2 -8 -13 -22 14 4 19 20 16 20 6 -12 -33 -3 -16 -5 0 -21 1 5 -7 -1 16 -17 -8 -7 15 -26 -19 -11 -11 -7 3 7 -11 -18 -7 3 -20 13 0 10 0 -3 0 20 8 -26 3 -22 13 -31 -4 9 -34 -22 5 7 5 20 14 -31 -25 -2 0 -5 -17 -6 -18 22 -3 -42 -23 -3 -11 -19 -32 -11 12 -2 -8 -17 -8 -18 -15 -27 0 -1 0 6 17 14 -4 -22 5 -14 -20 -4 18 11 -5 -7 -11 2 -23 -19 12 0 -5 0 0 -4 -10 -9 -22 -12 -32 -19 3 3 4 1 7 -6 16
12 1 -6 -23 3 -1 21 6 2 -15 -1 -7 -38 -28 -26 0 6 -5 -20 -1 -18 16 -3 -10 -1 -12 9 11 6 -26 -24 8 3 -16 -3 10 15 -24 -10 -25 -1 24 -38 -1 -18 -23 -15 -14 -12 -8 3 7 18 -13 -9 3 -22 10 16 0 -5 -11 -9 -30 -20 -29 11 -15 2 -6 -7 -21 39 -13 -7 19 -10 -13 -35 -41 -4 -5 -37 -7 -24 -4 2 -7 -3 -3 -20 4 -42 -6 -12 -15 -20 10 10 4 -4 -2 -6 0 2 -18 14 -21 -7 -13 -25 9 -9 0 -19 12 -25 -13 -5 -8 2 -4 -10 -22 0 -15 -13 1 -32 -2 17 -32
3 8 -14 -4 8 1 -11 -14 -4 -3 0 -13 -8 -3 -12 -2 13 10 3 -30 27 -18 3 -31 7 -2 11 -5 2 -8 -6 -5 2 -5 -28 24 -22 -2 -25 -12 -6 14 -54 -5 -37 0 -10 15 -23 -7 -13 2 -4 4 -13 -6 19 -5 -9 0 -11 -13 -12 -12 30 -3 -7 2 -9 -14 -2 17 6 2 15 0 9 -2 -20 -22 -16 -6 1 -29 8 -8 7 -44 -22 6 0 -2 -27 -2 9 -2 -38 3 -18 -10 -21 -9 2 13 33 0 -2 -14 4 -25 -3 -7 -8 -13 0 -26 -32 0 6 -6 -5 -27 -10 -21 -12 -5 6 -8 -8 8 -20
-2 5 5 3 17 6 -30 -4 -3 21 -10 16 14 -16 -22 18 14 -8 -14 -11 -12 17 -3 0 -1 -3 -9 10 4 -14 8 -10 11 -22 19 19 -22 -18 1 -32 9 21 2 1 4 5 -15 -14 -20 30 -20 -28 -40 -16 0 5 -11 1 -19 -11 18 -18 0 -23 3 -20 -11 5 9 -8 -11 3 -22 -4 2 -15 -39 -13 -9 11 -23 5 2 0 15 -1 0 19 -4 -9 -8 20 -4 9 -25 15 11 30 -21 9 -2 -10 -60 -45 -12 -1 -12 -9 -2 -24 4 3 -24 -13 -27 16 16 19 -28 0 14 -10 -19 10 -4 -1 -13 -8 -37 23
-2 22 16 -14 -2 -24 -16 -17 -11 -9 -12 -13 4 10 -8 -1 -20 -33 -22 -34 -1 -14 -5 -2 -7 -13 -4 22 2 -17 -4 -16 -2 -6 1 2 -15 -2 -14 -6 -6 8 -18 -35 4 -32 18 -6 3 0 -6 2 1 4 -12 1 23 1 3 4 -11 15 -29 -4 0 23 -4 -12 0 26 6 5 -8 12 -1 21 10 1 -23 5 -13 -14 -9 -1 -14 7 -6 9 -4 -35 -17 -34 -25 -7 -21 0 3 13 -4 -14 -33 -6 5 -2 -24 -16 -14 27 -21 6 -12 -3 5 27 14 -14 9 35 -25 -1 -25 -3 18 -8 -14 -15 -18 -3 2
31 -3 8 12 1 -24 7 0 -19 -15 -29 2 -1 -11 -19 -15 -25 12 -13 -9 -9 -19 -24 -32 16 12 -1 -23 -5 -5 3 15 14 22 -48 -14 -6 11 0 -14 -4 -9 -3 -3 8 -8 -4 -21 -19 22 -18 -19 -31 20 -14 -13 -3 1 -19 -1 -10 0 29 2 21 9 2 -2 7 7 -2 6 13 -42 -14 2 -2 11 -19 -24 -23 -11 0 4 -10 0 2 -29 10 -16 -19 13 -20 2 3 0 7 -22 2 -24 2 -17 -18 -4 -13 -12 -8 3 -17 -7 17 14 -15 -5 13 0 -32 -11 -40 14 6 -13 -24 5 -23 0 -18 -23
-19 5 -18 2 -7 -4 -9 -2 15 29 -11 -27 -23 -11 -9 -1 10 -3 10 10 -23 -11 -22 -10 19 -10 12 43 -1 9 -4 6 -19 0 5 -5 3 -14 -14 7 7 3 -32 1 4 -42 -13 -1 8 -19 -35 8 20 15 -36 5 -16 -12 -16 -12 26 -8 10 -34 -20 -14 -2 11 -10 -5 -26 1 15 0 12 -12 6 -9 12 -22 10 -23 10 -1 -27 0 -2 -22 -6 25 -10 -11 4 0 -13 37 5 -21 4 -13 -4 -8 -8 -11 2 -2 1 -13 21 -14 0 -34 -27 -23 -6 -14 6 2 -29 -18 -7 15 18 0 -8 4 3
-10 2 -9 -4 4 -2 -5 -16 -21 11 -6 -24 -9 -22 -6 -5 -12 -15 13 2 -1 -18 4 -19 -14 13 -9 -15 -12 -13 -20 14 0 -11 -3 -30 -6 2 8 -3 6 -2 0 -23 -5 4 -19 -11 -25 4 23 -5 -30 -8 0 -4 10 10 0 7 -26 -7 6 13 4 -35 -10 5 -35 -6 -5 -32 -11 25 -8 0 -13 -9 -16 -3 -6 3 -31 24 -25 -10 -5 -2 -8 -4 -11 -7 -14 -10 1 1 -30 -11 -18 -15 -12 -17 6 7 11 8 1 -26 -13 -25 18 25 -22 -19 -10 -2 15 -6 50 2 -9 -34 -20 -5 19 -17
-4 13 0 -8 -6 -2 -5 -40 -3 9 -1 29 -9 7 5 -14 9 -6 -7 -36 -18 -25 -31 12 -26 -10 -20 12 -4 -26 -22 18 16 15 -25 2 -3 9 33 -12 -8 8 -20 -17 8 1 0 10 5 -7 -2 -26 -16 27 5 2 -3 -15 8 -25 13 -15 0 21 -39 2 -34 -13 8 14 30 -9 -11 2 -32 -3 -25 -4 -29 9 -21 8 -12 5 -11 -4 -1 -5 -8 -12 13 -12 -18 0 12 -22 -18 -11 -22 -16 -8 -27 13 -16 -13 -43 14 8 -1 -6 -6 -37 26 -11 0 -10 6 -36 5 5 -11 7 -30 2 21
2 0 1 10 -19 17 6 8 -28 24 -5 -19 8 -12 -53 -2 -15 -1 -30 -6 -20 -10 -3 -3 -19 -5 -11 6 14 -36 0 -18 11 6 -8 -13 -14 -30 -14 0 -9 4 -7 -12 -9 -17 15 26 -10 -4 10 -13 4 -23 2 2 17 7 -5 -2 -26 40 -15 -1 -6 -5 13 -1 -12 -11 -17 -23 -26 -6 -23 -7 -13 7 -7 -4 16 -34 -16 3 -6 -29 -31 8 20 -4 -18 -7 -9 0 2 -24 -12 3 -16 -5 -12 -10 2 7 19 -13 8 -30 17 13 6 -17 7 8 -26 -15 7 -8 -27 6 5 -6 0 -18
-14 7 -5 -22 3 25 -4 -27 -35 -7 -22 -23 19 10 7 9 -11 4 10 -14 32 5 -18 -16 -2 -3 5 -13 -4 -3 5 -22 -4 12 -5 -6 -5 16 -13 -16 -2 -11 2 -2 -6 0 -10 3 -14 -4 -8 22 -17 -5 -3 -2 -1 1 16 -18 -3 18 -12 -17 15 -2 6 -11 -10 -5 -20 -7 -37 7 -25 6 -34 -13 0 3 14 -17 -9 -12 10 -14 -6 28 -27 -19 -23 -10 2 -16 -4 -27 -14 -22 7 -3 12 -15 -9 -34 -9 -10 -9 -40 -8 5 -4 -34 22 -7 15 -27 4 -1 1 -10 0 -11 3
-1 3 -2 -6 -16 -2 17 -12 -4 -13 -5 15 2 1 -18 -9 -23 -13 -30 5 12 -14 -30 0 13 -13 -20 -4 -2 -17 -31 -29 -1 -11 7 -10 -27 -16 1 -39 0 -13 -24 10 -4 -45 -9 -22 -1 -24 -22 2 3 4 -20 -2 -23 -4 -14 3 -14 -13 -10 -4 15 3 18 13 -10 -11 -13 -31 -28 -18 -21 -12 -6 13 -30 9 13 11 5 36 -2 12 -17 -27 -33 -4 -4 -36 -35 0 6 -7 -15 -12 -19 -28 -6 -20 11 37 4 -15 -8 -8 9 -12 -18 -2 -5 -20 -11 -14 -3 -5 -8 39 5 6
-13 -18 7 -3 -22 1 12 5 16 -2 -17 -9 -28 4 -7 -13 -5 6 11 41 0 -12 23 18 -12 -5 -28 -33 -5 -18 0 -7 -4 11 12 -21 -12 -8 -7 -10 2 15 4 -13 9 3 -9 -3 -1 -26 -19 -15 -33 -9 -21 6 -13 -8 1 -3 -2 -16 -26 -4 21 2 -5 8 6 -6 -14 -19 10 -19 -15 -22 -3 0 4 15 -14 -23 -22 -20 -32 12 10 24 9 -9 -2 2 -1 -45 -13 6 -9 2 -24 21 1 -22 0 -13 1 -35 -35 7 -9 -18 20 -10 26 1 -30 -3 -1 -5 -8 -23 2
-4 -2 -16 -3 1 -3 13 -45 0 8 7 8 -7 -10 -9 -21 -5 22 13 -29 -8 -23 -22 3 -6 6 10 -32 1 -9 -2 -11 -15 -12 4 -26 -5 7 2 -12 32 10 16 -12 -18 -22 -16 15 -7 -18 -4 -6 -26 -30 -29 4 -4 -15 -14 -35 -21 -4 -18 -18 -2 16 -30 -8 6 -18 7 10 9 -10 7 6 -4 18 2 1 -12 -23 23 10 12 -10 -21 16 -14 -5 -16 -1 -11 25 3 -14 -14 -5 -2 2 1 -33 -4 -25 -1 -13 -3 -26 -13 -21 -18 -7 26 -3 -13 11 -14 13 5 -28
-25 -5 -9 5 9 3 -22 -13 8 4 6 -16 -21 11 8 0 29 -15 5 -10 -13 -35 10 9 3 -27 9 29 10 3 -8 -21 -7 -15 -10 -3 -34 11 12 27 3 -29 18 26 29 -21 -14 -18 -5 23 -43 -10 -25 -2 -25 11 -32 -1 -2 -25 2 -4 -27 10 -3 -6 5 -15 -28 -13 9 -5 -9 7 18 19 -23 -12 -12 12 -18 11 -4 29 -21 2 4 -5 -18 -1 -18 8 -30 -14 -1 19 -3 2 19 -2 -15 6 -12 13 -20 9 -12 -6 9 9 -17 -17 9 -7 -1 8 16 22 -6
-13 -5 16 13 6 14 10 -15 -7 -13 15 -22 8 -36 2 4 -39 -16 -8 -3 -12 -16 -1 -11 -6 -11 -5 -6 0 4 -17 -2 4 4 0 9 3 -6 -18 4 -27 1 24 -6 -9 0 -20 -20 5 5 14 13 -4 -11 3 11 -10 6 5 -2 11 0 -9 14 -22 14 -14 0 -17 3 9 -8 21 21 -14 1 -6 0 -1 -15 -11 9 -14 -6 -12 1 7 11 -8 -5 3 0 -9 0 -27 -16 7 20 -3 13 -2 -19 -14 -8 4 12 12 -3 -20 -27 -16 -1 -18 1 -32 14 0 17
-10 10 -9 -17 -16 6 -30 -9 -16 11 -28 -13 2 -34 -19 12 -18 -4 -4 -9 34 -19 37 -3 -12 22 -10 -11 -7 -21 -4 -16 -15 3 4 11 -17 -13 -29 1 -17 -7 7 -14 -15 -29 -2 -2 13 10 -14 -18 8 -8 12 -17 -2 -15 -11 -19 -14 5 -25 -10 -8 -12 8 -13 -12 -4 1 11 -12 10 -7 1 0 14 -26 1 -11 1 -10 -5 -12 2 7 1 -16 -26 -8 -19 -25 -19 -16 -31 -5 -19 -16 -21 15 -8 12 -3 0 -14 -12 -14 -20 0 -21 -7 2 20 2 14 -9
-41 20 -25 -6 1 -7 -6 -4 -6 -19 -10 -8 2 -5 -26 -62 -5 14 -4 -10 -8 -9 -15 -19 -8 -35 5 -14 11 24 12 -11 21 -4 -19 -24 16 -26 17 -23 19 0 -9 -6 6 0 -23 -5 0 -17 0 -17 -10 -10 -19 -5 -13 5 2 -11 -20 2 7 0 0 -5 -2 0 16 17 12 -9 -14 -24 11 9 7 -11 0 -12 0 -19 5 -6 16 14 -13 32 4 25 -18 8 -11 -11 0 -31 -9 -1 -14 -17 1 2 -31 -12 0 -2 1 -2 16 14 -2 -5 -7 0 -6 -12
-1 -13 -5 11 1 -5 -17 22 -10 -4 -6 -3 -9 -10 -33 -16 7 1 14 4 -17 7 -36 -4 -12 4 7 -8 -17 14 5 -15 -15 9 1 -11 -14 -1 -5 -20 16 1 -15 1 9 -2 17 -8 -22 -15 4 -21 -20 -6 -4 4 11 -10 -2 -11 2 -11 2 12 12 -5 0 -10 -21 18 -2 4 9 16 4 -2 -3 -8 -25 0 -12 -24 8 19 -11 -9 -8 0 4 -11 -1 5 -7 8 -3 4 -9 4 -8 26 3 -6 -2 1 5 -20 -5 -25 -36 -2 -22 -4 9 -41 5
-22 4 6 13 -5 -20 22 6 -10 -13 -2 -18 -29 -7 -20 -3 -8 -5 -26 -3 16 -9 -12 4 -6 -8 6 -3 5 -3 11 7 0 -4 -8 -19 8 6 -20 7 -26 -6 0 0 0 21 -15 10 8 0 13 0 9 -9 10 -6 12 1 -26 9 -27 -25 -1 -13 -4 -31 -4 -15 -24 4 -5 4 -16 -9 -3 14 -20 -6 4 17 -16 -8 -14 -23 6 -1 -11 -14 -15 -21 -20 -37 1 -21 -8 9 4 6 -10 10 -14 -13 -9 -1 -15 -5 -25 -11 -24 -6 -4 -8 -30 -10
-23 -26 4 3 -19 7 -12 -11 9 0 -8 9 -3 -4 -32 2 -16 -26 -9 -37 0 -1 0 -12 -8 -13 33 7 13 -15 -2 -23 2 -15 -4 9 -12 7 20 -8 -21 -10 17 0 8 -25 -8 6 -18 23 3 13 6 -1 -22 9 2 -9 9 -14 -9 -16 21 -6 -33 13 -15 -9 -7 -3 12 12 -10 -21 7 -16 -21 -12 6 -2 -33 -15 -5 1 -12 -19 -5 0 21 -23 14 3 -21 5 1 16 -2 -38 -23 -7 3 -11 19 9 -5 0 -15 -4 -30 -37 3 -21 0
4 4 -6 -11 1 0 0 6 -10 -29 -20 -23 -1 -31 2 -21 -28 2 -15 18 9 9 -14 6 -9 0 12 2 21 7 -24 20 34 -22 3 -9 -52 0 -25 -4 -5 -9 -19 5 -23 -43 -24 7 -40 11 -14 18 7 5 -22 7 -5 -15 27 -31 -10 4 4 -4 -2 -2 -5 -15 -15 19 -13 -14 16 -4 -17 5 -50 -15 -4 -12 9 5 8 19 -17 9 -3 -1 0 -10 -8 -24 -23 -31 3 -2 -6 -1 -18 -6 -5 -19 6 -17 -2 -15 -22 -5 -13 -4 10 -1
18 -14 3 8 3 -18 5 4 -19 -6 -20 -20 -6 -33 -40 -6 18 20 11 -9 22 14 -6 1 -6 -29 3 9 4 15 -29 -6 5 17 -6 3 -28 -3 -8 -21 33 4 -16 -19 -17 0 10 12 -1 -7 11 -41 5 -2 -10 -7 -16 13 -24 -11 -20 -10 -33 16 2 -9 -26 26 26 38 -8 -31 24 14 15 31 -6 13 -26 -7 -23 1 2 -31 1 -9 -32 -39 26 5 8 -6 0 -11 -15 13 -34 16 -4 -9 -30 -18 23 4 11 -24 8 -10 -25 1 -11
-4 -1 -26 -14 -6 -25 2 1 -6 -12 2 0 -8 8 -7 32 7 0 -25 8 -4 -14 -20 -6 -8 2 10 -6 -16 -25 12 8 -14 -26 7 -10 2 -37 -43 9 -29 -6 -8 3 -1 -9 -21 -11 0 -3 -2 -1 -14 -21 -26 3 -40 36 -8 23 -12 2 -11 -8 -12 14 -11 -2 -24 -13 -11 -10 -31 -17 -1 -16 5 -6 -35 24 -8 -21 2 -24 -18 3 -15 1 0 0 -27 -1 -1 -34 -7 9 -6 -7 27 4 -19 -18 -7 12 -39 -2 -1 -6 0 -19
-14 -4 -6 3 -7 -9 -8 18 9 19 -9 0 -20 -14 0 -4 -13 -20 5 -18 17 20 -1 -10 2 -11 -18 -20 -16 5 15 6 8 7 -18 0 19 -30 -16 -23 1 -12 -7 5 -13 -24 -32 -20 -16 -1 -1 11 11 -12 -5 -7 -4 -29 24 5 -4 7 8 -1 2 -26 0 9 18 15 -12 0 29 22 -3 -5 0 -3 15 -29 -17 -20 -12 8 -5 -5 -28 -11 -27 11 7 -8 4 -16 -21 -6 25 21 -1 -19 -24 17 9 -2 -5 7 -5 -28 -2
21 -26 4 -7 0 0 -3 -8 -12 12 7 -6 4 4 0 14 43 24 11 12 -8 6 0 -23 -11 -18 0 -11 -21 -4 7 1 -6 -11 10 -11 15 0 10 -13 2 -2 1 -1 -10 0 6 6 -16 7 3 -3 -18 -18 1 17 26 -15 -31 19 3 8 0 26 -26 2 17 -25 18 18 3 -24 -17 13 -33 16 -25 14 -16 -18 13 -10 -8 33 -17 -34 3 -8 -28 12 -16 -30 -11 -30 -1 -19 -1 -4 -9 -20 0 -5 0 11 -15 -17 5 6
-24 -24 -6 -5 -2 15 -9 -28 5 -32 -3 -4 -49 0 -12 0 9 -27 18 10 -18 -10 -8 -8 -20 -39 -10 -11 -8 -37 -1 -2 -21 -21 -1 8 -14 13 2 -22 -8 -13 -16 -6 -18 -4 -6 12 -5 1 0 0 -10 -3 9 22 -26 16 -16 5 8 -39 6 -9 -41 -18 -1 12 4 4 0 -16 0 -3 -3 -12 -21 20 13 -25 -12 -18 -12 -30 -13 -7 1 -19 0 -13 -28 23 17 -33 20 -8 17 -21 -26 19 2 -19 34 -2 6 -5 15
5 -11 3 5 -17 -8 -27 18 31 -22 -15 -33 -3 13 15 8 -3 -11 -18 2 -26 -43 -13 -11 -33 -21 -21 -3 4 -7 10 0 -28 -3 34 -22 -4 11 -8 0 8 6 22 17 -16 -25 -2 9 -6 -12 7 -8 24 0 -1 21 -6 0 10 -13 -22 13 2 -11 -4 -15 12 -7 14 -8 6 0 -6 -23 3 8 -8 -3 10 -30 25 -16 -20 0 -18 -6 7 -12 13 13 3 -25 -14 10 -21 -10 -15 4 -31 18 5 -20 12 -15 -16 -2
30 -4 7 -13 26 -9 4 -25 0 -10 -37 -4 1 -9 -12 1 -31 -22 -19 -11 16 -6 0 13 -20 -16 12 36 1 -15 2 36 -6 -22 -16 -24 15 15 -14 -6 -16 -19 -11 -13 -6 -4 5 -24 -6 -16 -15 -21 -3 -17 -36 14 -23 -7 10 -16 9 -4 -1 -14 -20 6 -10 -16 -13 19 -18 -21 -48 8 -1 -35 -1 -4 -23 13 -11 -9 -22 3 -30 -18 5 25 7 22 3 8 -9 24 -1 0 -17 -11 -18 -6 14 -2 -9 -1 11
-4 1 -18 3 -22 1 -10 -13 15 -13 6 0 -8 3 10 2 0 -3 -19 -19 4 -14 -20 -20 -21 -12 -36 11 -19 7 -14 -1 -29 -9 -31 -8 10 1 -21 -3 19 2 0 0 -7 12 -3 -1 7 16 -16 -32 15 -4 -21 11 -4 4 -8 -10 -48 4 -16 -16 4 -33 -24 1 -12 8 -32 -20 -5 -11 -35 -1 -17 -6 -13 12 -18 -24 16 -5 3 1 -24 -5 5 12 0 24 -4 -5 -16 6 -38 -16 -2 -3 12 -18 2 8
-11 11 -43 -2 -32 -13 -10 15 19 -4 -6 -17 9 -16 -8 10 -11 -5 7 -12 -4 -1 10 -20 -12 -6 -3 -42 -16 -8 -27 10 -17 5 -45 20 -43 13 1 -10 -15 -4 -3 -12 -8 -13 -19 18 -21 3 -21 -8 -2 25 7 -16 2 5 -10 -18 -10 -7 -1 2 -13 15 1 15 -6 -3 -6 -70 -12 -17 -9 -8 -9 -8 -18 14 -9 4 13 0 -13 7 -1 24 -22 -7 6 1 14 -18 16 4 -16 -19 -14 -3 -14 -8 1
-13 11 12 -13 -1 -1 -32 -36 21 -15 -6 6 -18 -30 -33 -23 3 -11 2 -30 -16 21 -8 -1 -1 -22 -7 13 -8 -17 -12 -4 -3 -13 11 21 1 8 -6 -23 30 -25 1 -16 8 13 10 0 -36 -11 8 18 -24 -8 11 -12 -10 16 -30 2 -3 7 14 -4 -8 -17 12 7 -13 -38 -12 -9 22 -7 -14 8 -17 -2 -35 -25 2 18 -11 35 6 -16 4 -8 22 -29 3 20 -22 24 -10 -7 16 -15 1 -17 21 0
-23 -4 8 -2 -3 -1 13 -19 -1 -20 3 -6 -18 -1 -41 -8 9 29 34 1 -10 1 -11 13 9 0 10 7 9 6 -27 -5 -22 -24 9 -30 -42 -5 -15 2 -7 -21 3 22 -23 -4 -3 3 -21 13 -7 0 29 6 3 -3 -11 -3 6 41 -23 -12 -17 14 -19 13 15 -12 5 -31 15 -19 0 -10 18 -19 -34 -17 -42 -35 5 -19 6 -15 3 -16 -12 -5 26 12 -6 -19 23 1 -29 -20 -18 -19 -16 0 -24
-10 -16 13 -4 -9 -8 11 -13 20 -24 -5 -42 -4 -2 -25 -9 -3 -19 13 -3 -8 0 -3 7 -33 -20 -25 5 -1 -17 4 -9 -22 2 0 -11 -2 -3 3 -6 -34 -15 -4 -24 3 9 -1 1 -11 17 -1 15 21 -18 11 -7 -2 -6 8 14 -12 -35 20 2 -11 -7 -19 -17 8 2 -24 -40 -2 -19 8 -5 -7 -27 -20 -16 -7 12 -8 -28 -19 23 -3 7 -12 6 -5 -17 -19 -40 -2 -18 3 -19 3 -30
-38 4 -23 -6 8 -4 1 -2 -3 -9 -6 12 2 29 -24 -3 0 10 -3 9 -13 12 -32 8 8 -14 -6 14 -11 16 -4 24 -17 -14 6 18 -9 19 -25 -22 -3 -2 1 4 -6 -8 -7 -4 6 6 -14 -30 -6 -21 -18 -17 25 -17 -27 -11 11 3 -6 -8 -18 -23 7 -1 -3 -7 -32 10 -6 -22 -10 -4 -5 -7 6 -9 1 -14 -30 -19 -20 -8 0 7 9 -2 -18 14 0 2 6 -20 0 -3 -21
1 -23 -30 -5 -24 9 4 -21 -8 -30 -7 7 20 -10 16 6 -1 -3 19 11 25 1 11 -32 -9 0 23 -11 -26 21 -8 3 -20 7 -23 8 -5 -16 -11 -2 7 -22 16 -20 -10 -26 -6 -39 -8 -22 -7 -5 7 -4 23 20 20 -10 -4 -12 -9 -23 -4 16 6 6 8 26 7 -31 -13 0 20 -10 19 -12 -8 -8 -18 11 10 0 -11 -25 -36 -28 17 -17 -1 -29 -10 -10 0 22 -22 17 -25 -33
-22 0 -15 -14 0 29 -15 -25 -3 -17 -16 -1 7 19 2 -1 -7 4 0 -31 -18 -2 -14 3 -10 -10 -34 5 -6 0 22 6 -28 -37 -6 0 -13 1 14 -25 15 -23 -16 -8 -24 12 2 -12 13 -29 -39 0 0 -1 16 -9 -3 14 -1 -13 -14 -3 14 9 -22 -29 -39 -10 6 -15 13 -7 -4 -35 -9 9 10 -6 3 -15 -31 -10 -2 0 -11 -9 23 -16 -5 20 -5 -16 -4 -22 4 -13 -4
15 0 -24 -5 11 -10 -20 -24 0 -3 4 14 -27 23 11 15 -30 2 -9 11 23 -4 -6 11 -27 -1 0 -7 -19 -4 -22 0 -13 -17 -28 -13 0 6 -7 -36 -11 16 -9 -10 -21 -2 -3 -10 16 -9 -8 -19 -43 3 3 10 -22 -25 -13 0 -3 9 -23 -25 -10 0 -31 19 -15 -10 -5 4 -32 -3 0 -25 -14 -15 -9 -9 -16 -33 12 -5 27 -17 7 0 1 -2 -2 8 -40 -27 9 7
-10 -13 8 20 -13 -29 -6 -10 13 -18 5 6 -20 -27 10 15 -1 -9 -18 -19 -42 4 -24 -13 1 36 5 -8 -17 15 5 29 -33 -6 -13 4 -22 4 5 5 18 15 -10 11 -17 -13 16 -3 -28 -23 5 12 4 28 -4 -1 9 -22 -10 -2 -7 -6 4 0 -22 -19 30 -15 13 -15 -21 -11 1 0 -6 -10 4 -11 -3 -16 3 20 -19 13 5 6 12 12 -31 -16 -3 -21 -8 -3 -1
27 -17 2 -8 -37 2 4 -41 2 -4 -1 -11 5 0 -10 7 2 8 -15 28 -32 -6 -5 -26 25 -34 -21 16 -15 -9 2 6 4 -5 -8 -10 -13 -12 11 -6 -20 -2 1 2 -24 1 -26 -25 21 13 -3 20 -9 -1 2 19 5 -6 6 4 -20 5 -12 24 -28 -20 -5 -10 -16 1 -6 -1 14 -1 -28 -9 24 17 9 5 6 -4 -20 8 -19 -1 -13 -27 -14 -4 -21 -4 -9 -17
-2 10 3 -18 -7 -23 -14 14 -8 -1 17 -11 23 0 -1 -20 -33 10 -2 -8 0 -27 2 -9 1 17 -23 14 -3 0 -8 -4 24 -19 -7 4 7 -14 25 -42 11 32 -11 0 -13 -17 -29 0 3 -11 -9 -13 -24 -19 -32 -7 -20 2 -5 -6 4 3 -4 -2 7 21 7 -16 -9 -6 6 -3 -10 2 -23 -3 15 -1 -3 -5 -23 4 -38 -20 -8 -2 -18 10 -3 -5 5 7 0
-15 14 23 -4 12 -36 -9 -5 -4 1 0 -9 22 3 0 -36 -20 -16 0 3 -7 -1 -9 -14 9 -3 -17 -10 4 -14 16 -14 26 7 0 16 0 4 0 -24 -29 -19 13 3 -8 -3 -28 -23 16 -16 -5 -11 -2 -17 15 0 11 -15 -21 -24 -6 -1 16 9 16 -23 0 -19 -17 1 5 -7 7 1 5 -42 -18 -11 3 14 -13 -13 19 6 38 10 -20 -3 -20 18 7 -13
-6 -15 4 -9 1 16 -10 -29 -6 5 -7 11 12 -8 -18 -10 4 -13 6 3 -14 -7 1 -4 -23 17 19 -16 13 0 1 -6 14 22 -26 29 -26 6 -7 -9 -6 -19 22 -2 -25 -1 -11 -12 -34 10 -25 -9 -15 12 -16 15 -2 6 -5 -15 -19 0 -1 2 19 -12 -17 3 0 -3 -4 -7 -14 0 6 -3 -19 23 -27 -4 -4 -3 -13 -8 -23 -21 -8 9 7 -2 24
-17 -8 3 -6 -30 2 -12 -7 24 -2 -11 -21 -10 -2 -22 -9 -22 -3 0 23 24 -16 -19 9 19 11 -9 -12 -26 2 -27 -9 6 -6 -29 -18 -3 20 0 -23 -20 -23 0 -8 -8 -15 -13 10 1 0 -6 -12 2 -14 -11 -42 -9 -37 -2 -20 -38 19 -19 -24 -15 3 -8 -2 -3 -34 -49 2 13 -10 -13 1 14 15 1 6 0 3 4 18 -12 3 -2 -13 25 -26
0 20 6 -2 -19 -2 18 -12 -13 -16 -27 -12 3 -5 3 0 -9 16 -7 14 8 4 4 -1 -2 -10 -1 -18 -25 -16 22 10 2 0 6 -5 -4 -21 15 -6 6 6 -11 -11 -11 -23 -5 -1 -14 13 0 7 -14 7 1 24 15 -4 20 -30 -55 23 12 9 -20 0 8 -11 8 -13 1 10 -2 -9 -15 -13 -24 -10 -6 14 7 -31 -6 -36 9 6 -11 2 -21
-8 -10 -1 -11 -8 8 -5 -19 16 -20 -40 -23 14 -36 -9 5 -13 -18 -5 -7 14 -4 -18 -24 -17 -8 -5 6 1 2 -14 0 -3 -13 -8 -26 5 3 2 22 -1 4 11 12 -16 -8 17 16 1 0 5 7 10 9 6 37 -23 -35 4 5 -41 -23 -7 -12 -7 -25 -14 -7 -19 23 6 -15 6 -13 -2 0 -27 -16 -13 0 15 12 -22 -10 -45 5 10 8
0 2 4 20 7 -10 -15 1 0 9 11 22 3 0 -8 -40 0 12 0 -16 -15 -4 9 26 -20 -12 -5 -21 -3 -2 36 -17 0 -2 -15 -18 -15 -9 0 17 -24 -8 8 -30 -16 -6 -18 -44 -21 16 5 -25 5 -23 3 0 4 24 -15 9 -30 -13 -13 -15 10 -1 -23 -7 13 -11 0 -13 10 5 -5 -15 -19 -36 -4 -34 -10 -16 -39 -5 -10 -13 -18
-7 8 3 5 -9 -4 -24 0 13 -8 9 3 -20 15 0 -22 2 6 -28 -9 -3 -10 23 18 -9 -20 11 8 -9 16 -8 28 -34 -19 -29 -7 -53 18 -1 2 27 -9 -1 1 -5 14 12 -5 -21 11 -17 -7 5 18 -8 2 -9 -8 2 0 -3 3 -12 -8 0 26 -41 -20 2 -16 -2 -30 -10 4 13 14 3 18 -22 4 -15 -23 -17 10 -7 -2
3 -9 -10 4 0 -14 -26 0 3 -15 10 -7 3 -32 -33 -8 0 -5 -43 -14 12 -8 -34 -27 16 -32 -2 5 -25 3 -12 -12 8 -9 7 17 1 -28 -4 14 10 -1 -3 -43 14 -29 -8 3 -7 4 16 -8 -8 -36 -12 -10 12 12 0 1 -2 3 -13 -2 -9 -19 -9 25 -5 -14 -8 8 -5 23 -16 5 9 -8 11 -5 -12 -13 11 -8 17
0 15 -16 -3 14 -6 -19 -16 25 0 -7 -3 -5 0 -14 -26 0 -7 -10 -38 -9 -3 21 -29 -6 10 -36 5 -25 3 -10 -22 -2 -3 -7 -16 13 1 16 -10 -5 9 -21 0 -32 -10 2 5 -7 -25 -8 -18 -1 -6 13 -35 38 6 -25 0 8 7 -29 4 -9 -26 17 13 -28 20 1 -8 -3 -15 2 7 2 0 14 -5 -19 -1 9 4
19 4 17 -13 -30 1 -20 1 -22 5 -14 -20 -30 13 19 6 -7 3 -8 -5 -15 -18 -9 -19 23 0 -28 -20 -15 -10 0 -8 -4 1 -4 6 16 -5 13 6 -7 -5 -17 20 8 1 -8 -9 -8 -18 23 7 24 -33 -10 1 -3 -36 -9 -48 -13 13 6 -5 0 6 -4 -28 -2 32 -5 -24 -24 -6 -19 -2 -14 0 -17 0 -6 2 -14
-12 -17 -8 -3 2 20 -30 0 -12 9 -19 10 0 -1 13 17 -17 -18 -4 -22 9 -11 3 -13 -12 -39 20 -1 -25 -30 2 -5 -4 -25 -24 0 5 -17 -12 0 18 -18 3 15 -1 -40 11 -23 -6 -1 -13 -26 -21 -15 9 -8 -19 2 -7 4 2 -22 -17 -3 -24 18 -5 -16 -7 3 0 8 3 -12 16 -23 -8 -9 -15 -40 -1 29
-14 8 -59 6 -25 -25 -11 -18 -12 24 -15 34 -7 6 0 -16 -19 -26 -13 -19 -5 4 0 23 -13 -3 -23 -7 5 -8 -8 -10 17 -15 -2 7 -35 -21 11 -5 -19 -3 -9 -8 -22 -17 -4 6 -9 -17 14 2 -16 5 -37 -26 -9 -36 -5 0 -19 19 -7 -17 5 -7 19 0 6 -1 6 -5 -11 -13 4 -21 -4 1 -37 -25 -11
-31 -2 -11 -22 -22 -16 -18 26 -36 32 -29 13 -23 -17 -13 -20 13 -6 -5 0 -13 -39 15 -26 11 -4 -9 0 -14 -1 -7 -20 22 3 12 -21 -19 -16 -25 11 15 13 23 -8 -17 11 -1 -19 -17 0 -2 -8 18 -7 5 1 -5 0 5 -4 -9 0 -9 2 8 -25 -10 -13 -6 3 -17 16 -1 -20 19 20 -20 -22 -11 -29
2 -14 -33 13 -4 3 7 3 -26 -9 -8 -2 -20 -16 25 -25 -6 11 0 8 -20 -15 -4 -20 15 -43 4 19 -19 -6 -11 -23 -14 10 -2 -23 -10 -8 -16 -39 -24 -26 -14 -15 -3 25 -32 -29 -2 -19 -1 -16 -8 15 16 1 -6 -21 13 16 27 5 28 -6 -17 23 19 1 -19 7 -23 -29 -7 -5 1 -12 22 -6 15
-2 -12 7 -4 3 -14 -24 -9 -25 -1 -4 -8 -13 -3 -9 -29 3 -14 -1 -43 9 9 19 11 -6 20 -25 -18 3 8 -6 -6 -36 0 17 -33 -25 -17 10 20 -11 -6 -4 8 3 15 0 -22 -30 21 -14 -8 -6 -21 9 -28 -1 6 9 16 8 -5 -2 -28 23 -6 5 -6 1 9 -22 -24 -7 -8 12 -36 -19 -11
1 10 -26 -18 -12 -7 -31 -11 1 -3 -32 -3 25 -28 -5 -1 9 -11 4 -5 -8 -12 -18 -7 -24 -20 -24 16 -5 3 -18 1 9 -15 7 4 31 -1 -6 -16 -22 -15 -34 4 12 3 -6 -24 10 0 18 -13 -3 -34 -4 -17 22 -30 -11 3 -10 -14 8 12 -39 -5 -25 16 -24 7 8 -1 -2 -14 -30 8 -15
-7 1 7 0 11 -20 -3 -8 -30 -2 3 -3 -13 -24 -25 -5 1 3 -33 -4 4 5 -14 8 16 11 7 -7 13 0 3 0 21 -9 -5 -9 4 -15 -17 -19 -5 -10 -4 -11 -42 -7 -3 -16 28 -1 -7 -14 -3 -6 -16 -19 14 5 -12 7 -31 -4 -25 0 4 -4 -2 13 -2 13 -25 -12 -19 -9 10 -5
-4 17 -4 17 13 7 7 8 -4 2 -7 -19 21 -3 7 4 -3 -30 -10 -41 -5 0 -12 14 12 4 -8 -28 -8 17 17 14 -8 10 -10 -19 -34 -49 7 -8 -10 11 0 8 -6 -26 10 2 -27 -28 -1 -12 -19 -4 -9 -7 7 2 -22 -2 -29 -1 -4 -3 -23 -9 6 8 -6 11 -14 6 -30 -4 -27
0 15 -30 -5 -15 5 -12 -31 -12 11 0 -10 -10 -1 -5 0 -20 11 -37 -1 4 -2 18 -13 -48 -5 -23 3 -2 6 -10 -2 -8 -9 -26 -13 -12 4 -5 -2 -2 -9 0 -9 -20 13 7 -6 -19 -22 -13 -3 -25 -26 -13 10 -4 19 0 -15 2 0 -18 -22 -16 -29 6 5 17 -3 2 -7 -18 12
-5 -10 -12 -33 -6 -3 -1 -4 -38 9 -27 -12 3 -28 20 -18 4 -10 -5 -15 -22 -11 -18 -16 -1 -21 -6 -7 -17 -5 -3 0 -10 0 -18 -2 -1 -8 -9 7 -6 -16 -3 -13 -12 0 3 18 -3 11 -11 -1 10 -4 -14 -14 12 -28 -5 -5 -11 -16 -26 0 -12 22 -3 -15 -14 -21 16 3 0
-1 15 -29 5 -20 0 -21 -15 21 -3 -8 -18 8 -13 -19 -11 -5 -2 -13 -9 -5 18 -7 -27 -32 17 -10 -32 19 2 -10 -6 -34 -39 -6 -4 -13 -6 0 -4 18 32 -12 -9 -9 1 -30 10 -29 -16 0 9 -33 -1 4 -17 -27 1 -53 -22 0 14 -18 0 -18 25 -14 -1 -7 3 1 5
-14 19 4 -23 10 1 -12 -7 1 6 -2 -14 -15 25 9 -15 3 -5 -11 22 -16 -4 -10 -22 12 -2 -6 -36 8 -5 -15 3 -7 -15 -19 3 8 -2 17 -20 16 -6 -1 -19 -17 21 -1 -29 24 -19 -27 -22 -30 7 -26 8 18 6 15 -10 -10 -6 -17 6 7 3 -18 -13 -7 15 -15
-2 11 17 6 4 13 -16 20 -13 -42 -1 -27 -9 -18 9 -16 -17 -18 0 -13 -7 -17 -15 7 -7 23 11 -7 5 27 -5 -1 -4 -14 -30 -15 -8 -30 8 25 13 -6 8 12 10 -1 7 0 7 -31 -6 10 3 3 -27 1 -2 3 -4 -15 -18 -25 -18 -5 -4 -22 -18 -7 -6 2
1 -37 -21 14 -3 -2 -30 -6 -7 18 12 -4 12 -3 -10 -26 -22 -10 -12 2 -3 6 -2 -11 4 -15 11 8 -5 16 21 12 6 -5 2 5 -18 1 -22 -34 -33 -2 -2 -9 7 -30 -24 -12 -2 0 12 -2 -22 -17 -38 -3 20 -15 0 2 0 8 -18 3 -8 4 -17 41 -31
-10 4 7 10 15 18 39 -11 -3 11 -11 8 -11 -29 -24 -7 -29 -19 -36 -11 3 4 11 0 -8 10 -5 -3 0 -23 -31 -15 -13 -15 4 2 -17 -20 -29 -12 -18 -11 -3 10 20 -6 -11 -41 -1 -22 -19 -7 -5 -24 13 28 -3 4 -2 -5 -6 -7 -5 0 -5 1 -4 -3
-17 5 30 -14 -44 8 -3 4 17 -7 8 -10 -2 -33 16 -7 9 -24 10 8 4 -30 -17 3 -3 4 -44 -12 -27 0 2 -21 5 -13 12 -18 -15 -21 0 -34 -8 -3 -1 -19 -14 -1 -2 1 -15 -11 -3 -20 -42 -8 14 -9 1 -25 -21 -4 -18 32 -22 -6 -17 -10 -36
-17 24 -15 4 -2 0 -1 7 -11 -17 -19 17 -14 -12 -10 -21 9 -21 -15 -6 -12 -10 0 -6 6 0 0 -40 -15 7 0 -30 -14 -25 14 -2 -12 0 15 3 8 5 -21 12 -14 5 3 -4 12 22 -7 4 -10 5 4 -9 -3 -9 -34 -29 -16 19 1 4 -22 -6
0 12 -7 -24 -7 -32 -10 -8 -31 10 -12 1 -5 11 -12 6 -3 -51 24 -11 6 20 -8 0 27 1 9 -4 -12 12 24 -7 -25 0 9 14 13 -13 10 -12 -9 -18 0 -6 -24 -11 -7 -26 -41 -15 6 -1 -15 6 -16 -25 -12 7 -17 -7 -17 -14 23 14 -16
-10 -1 2 -19 -6 -8 -5 0 -25 0 -18 23 -26 -20 24 -6 -23 -12 4 3 7 -13 -6 17 -12 -19 9 1 13 -9 11 -10 -18 8 -6 -11 -9 12 -3 -37 -12 3 14 -46 9 5 -14 -8 3 -22 22 1 -14 -29 -2 24 -23 -20 -6 -15 1 9 10 13
3 -16 -5 -14 -12 -5 3 25 -2 7 -2 -27 7 -11 -16 -14 -21 -2 6 -4 -13 -31 -31 2 -16 7 7 -6 -14 -10 12 2 -36 -26 -7 1 4 -3 -15 -26 -1 -19 -14 13 4 -28 -33 -9 -25 -10 -24 20 -6 -28 -18 9 1 6 -23 -9 -35 26 34
3 -31 -10 48 8 -26 31 0 6 3 0 10 12 21 -18 1 -8 -29 -13 -3 -6 -13 -15 7 2 -2 -16 1 -3 -15 11 17 -6 -38 -23 15 -12 -10 -3 2 10 -7 -28 -23 -8 15 -18 -17 0 -26 -9 4 -17 7 -15 -7 -12 -23 23 -25 -23 -29
-28 -12 27 18 -19 -1 -35 0 -7 28 17 12 -18 -6 21 -5 -11 30 -11 -5 -22 55 6 -9 8 -2 9 17 7 -14 11 12 6 -22 -19 3 -19 -8 -9 5 -18 -11 -16 -15 8 -5 -3 -31 10 -16 -4 -22 1 -3 -20 14 -2 -5 4 -28 -2
12 -8 -1 -3 -30 14 -1 -18 0 -7 -2 -5 -12 10 -14 -12 1 5 -16 -36 -9 -4 -12 3 -5 10 6 -6 -23 -9 6 -5 -1 -45 -1 -28 -2 -16 -3 9 8 23 -20 -27 -3 -9 17 -33 0 5 -13 -28 -18 -4 13 2 15 -13 -35 -19
-16 42 -23 -4 -12 -18 -10 -24 3 -26 -16 -36 -13 14 -22 26 -30 -13 -17 5 19 -11 4 -17 -6 -1 -4 5 14 -4 -28 -24 2 0 -17 -33 17 1 1 20 -21 0 19 15 -2 20 -18 -1 -11 4 -35 -14 -24 9 14 -18 -16 -14 -24
-26 -16 -3 -2 9 25 32 -23 -35 2 -11 -1 -7 -5 9 -15 9 -5 1 17 -11 -13 -13 0 -6 -5 -31 -5 -5 -12 -2 16 -8 -26 17 5 -5 -26 -27 -2 -32 -16 -13 -8 -4 10 -8 5 1 -16 -10 9 6 19 -12 20 -36 -21
21 2 -10 3 -2 -1 -29 -6 22 -5 -1 -10 8 2 6 21 -4 2 -33 29 -11 -10 -6 17 -13 -7 -28 -12 3 -1 1 -11 -31 -4 -12 -1 0 -19 1 0 -11 -10 -23 -19 12 3 -12 -29 3 -10 1 -17 7 -17 -3 21 -26
-4 19 -12 -8 -8 -13 -3 16 19 -2 -1 -15 -23 4 -36 -7 6 -29 -10 -17 -15 33 -9 4 -20 1 8 -4 -6 6 0 -9 -10 -20 -7 -7 13 -19 14 10 -13 -29 -25 2 -3 -16 -33 13 14 0 -4 -21 14 -25 -20 -24
-24 -10 8 10 8 -24 -18 1 -2 -2 -12 -29 29 -13 -14 -11 -7 -10 -25 -32 17 6 -18 6 -15 9 -8 -4 -28 -2 -20 12 -50 -10 5 -28 -27 -9 -28 -33 1 -24 -8 -1 -11 -11 4 -3 1 0 3 -27 -18 -3 -21
-31 -17 -6 7 -6 26 -7 23 2 -5 -19 -19 8 -2 -6 -29 -24 16 -9 15 15 -11 -13 -10 -7 4 -9 -3 -10 -12 5 -17 6 -9 18 4 17 -16 3 7 -23 14 6 -5 -9 19 11 16 -19 -5 -15 -7 -2 -13
-21 -7 24 11 -8 -14 -6 1 -12 7 -6 -9 -21 11 -4 12 0 0 -5 3 -1 -4 -32 0 5 -16 5 0 40 -11 -9 11 3 12 1 -12 -18 4 17 -17 11 -11 -24 3 15 2 4 2 -6 1 -18 -23 10
14 -3 -36 -23 0 8 9 5 -19 -2 10 -30 11 0 5 -11 4 -42 -18 -6 -16 -3 -13 12 -16 0 10 -18 -23 -22 -5 -11 -7 -10 -8 11 7 19 -21 -25 -10 9 -12 -11 2 -28 -37 15 10 2 -35 21
-2 9 -1 11 -17 20 -15 16 20 -8 3 -42 -13 -2 10 -5 13 -10 -7 -17 -16 0 -10 -4 -15 -8 -7 -8 -12 5 -14 -20 -17 -25 -11 24 35 -21 3 -8 4 -14 -6 -6 -12 -14 -27 -29 -3 -16 -7
2 17 -13 5 10 0 -10 -17 10 -22 -13 23 -2 -15 -3 -11 -34 10 -48 20 0 -11 -9 8 -24 -15 -8 -6 6 -8 -4 15 -16 2 -15 0 8 16 9 2 -10 0 -25 -24 -8 -6 15 3 9 1
-6 6 2 -11 -4 -8 -24 -9 -14 -8 6 0 20 -5 -23 -10 2 -21 2 2 3 -13 -9 -32 12 -31 17 -7 2 -28 1 -3 10 10 -34 -21 -17 -23 -3 8 -14 -4 4 3 -5 -13 -18 -19 -2
9 -11 -15 -10 7 12 -1 -25 12 -15 -33 -11 -10 -17 -16 -15 23 -17 1 -10 2 -7 -13 13 17 2 22 -5 13 -15 -4 -8 -20 5 4 -4 -10 -13 14 1 -33 -36 12 11 -2 4 -12 -5
-2 -2 7 -16 -23 -15 -40 8 -7 -6 -29 -7 -21 1 -13 16 -21 -21 15 -2 7 -6 4 1 10 -11 -7 -5 10 -3 -5 3 -1 0 -22 -8 -13 -30 -21 -19 6 2 20 24 14 -2 8
3 -14 0 6 3 -15 5 7 11 -15 20 11 -22 -1 5 0 -5 17 9 -23 -10 3 1 -13 0 4 -19 0 -3 -7 5 -4 5 0 13 6 12 -3 -18 -27 12 1 -1 -12 14 11
12 9 -16 9 -16 0 -6 -24 -11 -17 5 14 6 16 -21 -11 0 6 16 5 19 15 0 0 -12 6 -20 -1 3 -21 -7 9 1 9 -14 -16 -7 -10 -8 0 10 21 17 -2 -5
3 26 -10 -14 -42 16 11 -8 0 -13 -2 18 -8 -6 -14 -28 -7 5 4 16 -5 19 1 4 -5 12 7 10 10 -11 -13 -11 -1 -34 8 -7 -7 12 -16 -2 11 18 -1 0
1 15 -12 -14 -6 9 -35 -14 -9 -16 6 1 -8 18 -10 -8 -2 -18 17 -22 -35 -9 14 1 -6 0 4 -13 -6 5 1 -1 -16 6 18 -50 -9 -6 -3 14 0 -6 -6
-2 1 4 -8 17 16 -3 0 -17 13 -14 9 5 0 3 3 1 -19 -8 -22 -2 0 0 16 -11 1 13 14 -5 7 6 -1 -12 5 39 -3 -5 0 -3 5 7 -5
-28 -1 -4 -4 -5 -2 8 -9 10 15 -3 -9 2 -6 17 22 -10 1 -21 -9 -17 5 -10 -5 18 -25 -13 -20 -21 -24 -27 -5 -6 11 -4 -3 -20 -2 10 -9 5
-6 -6 0 14 -33 -30 -28 -1 15 -32 -22 -24 0 -10 -26 -32 -26 -18 5 -13 0 -4 -4 14 -9 8 -24 -4 -8 -13 -37 -47 -8 -2 9 -21 -8 8 29 25
-16 -18 -45 31 -16 -6 0 6 -5 -1 -8 -12 -1 -8 -1 20 -9 -29 -15 2 -15 2 19 -40 9 -4 -15 -5 -4 7 29 -27 9 0 -7 -16 9 -20 -6
23 29 -5 0 -4 -37 7 0 -2 -12 -8 3 -13 -13 18 22 13 0 9 8 9 10 2 -22 3 -9 -13 1 2 -25 -1 -2 -8 0 -3 -25 9 -19
6 -21 -34 -16 -11 0 18 -23 4 -13 21 -8 -13 -22 -18 9 -2 -16 -3 9 14 -5 -33 0 -15 7 35 0 3 -13 -9 -20 -23 -15 9 -12 -33
18 7 -2 -2 13 19 5 -5 -25 -19 -27 -23 -7 -9 -13 -25 -7 3 5 6 -6 -21 17 20 2 -7 -16 -6 -18 8 -7 -15 -26 11 -23 -15
0 9 5 -3 -4 -14 -22 -1 -21 -7 -3 -28 8 0 -1 -10 18 14 -3 10 -12 21 -10 8 -22 9 6 -19 -15 -11 1 9 -19 -10 -29
-17 4 22 -8 13 0 25 -42 -29 -31 -20 -21 -18 6 -11 -7 -17 -5 -9 -12 4 -27 0 7 1 6 -6 -4 0 10 14 -27 12 6
0 0 0 -20 -12 -21 2 -18 -5 -8 -8 -16 -13 -11 -8 -2 -4 -24 -3 -6 -14 6 -12 -28 0 -23 -5 9 0 1 -34 -6 -7
-11 -7 -8 -19 12 -30 -20 5 -1 13 -6 27 10 -5 3 -9 9 22 -4 -3 -9 -33 10 22 -17 18 -5 -2 21 -30 -4 -5
22 -13 26 25 21 -14 -4 14 -28 -14 -12 -1 28 -14 0 -12 -8 -18 -2 4 4 15 -2 -14 -27 26 -13 -21 16 -5 -12
-10 4 -1 14 0 -8 -17 28 34 -17 -10 9 7 -15 -37 -6 -9 4 -14 1 -4 -8 -13 0 -21 -7 -26 14 13 0
5 7 -4 12 7 7 -4 2 -5 -15 13 2 -30 -7 6 -3 4 -24 -24 -2 -3 -3 -3 14 -9 0 -32 -13 28
8 11 -8 4 -30 -4 -16 -11 -28 -22 -22 -35 6 10 17 -23 -17 6 2 17 2 11 -7 -21 -17 -16 5 23
-7 19 -3 -20 -27 0 -2 5 18 37 24 -2 -9 14 2 -12 8 -4 -5 -19 -6 -10 -15 18 0 4 15
1 -13 -26 -23 19 -39 -32 12 20 10 -9 2 13 2 1 -9 -12 1 -13 -2 3 31 -13 0 11 -5
5 -11 -37 -4 5 15 -8 -8 3 -11 4 -2 -21 -13 -9 -8 3 9 3 36 -3 -11 0 -15 -22
-11 -9 -32 -7 13 -15 1 -11 -21 3 0 -29 6 -21 -28 -5 -4 -24 -20 -33 7 -5 1 -7
5 14 -9 -11 7 1 -10 -30 -6 -10 -20 -15 19 -8 -9 -21 -11 -34 14 9 25 -7 -28
-6 -3 19 8 1 17 -7 20 1 -12 -7 10 10 -7 -1 -16 -2 -34 27 -9 10 8
16 15 1 -15 -2 -24 18 -21 -1 -28 -9 -10 -30 -2 -7 -9 -13 0 22 -2 20
0 2 -10 -9 -27 -10 -28 -17 -4 -8 7 0 -16 -16 -2 10 -15 -6 -14 9
-11 4 25 -3 0 -11 15 13 -3 -21 -21 12 -16 0 -7 -7 -9 -7 -15
-1 -10 -10 -27 -40 -7 -2 -9 -36 -16 -7 -10 -14 -4 -6 -5 16 -21
-6 -14 -40 -11 -1 -21 -8 -9 -8 -16 25 -11 -25 -17 10 9 -28
-9 -8 -45 6 0 0 1 -9 -12 7 -36 -1 13 2 1 -11
13 -7 -18 13 -8 8 -13 5 3 -7 30 -17 -4 -6 17
14 -18 6 -26 -30 -9 -11 7 -24 -5 4 -10 3 16
-9 5 -7 15 -11 -11 2 0 -4 -5 -14 -4 -22
-9 -14 -9 -29 12 -2 -32 -20 -1 -2 -11 10
-2 5 4 15 -17 2 -16 10 -22 -1 0
-1 -11 -2 -27 12 1 -8 11 -16 4
-3 20 -11 -10 0 -12 0 1 -12
-21 -11 -4 6 10 -10 9 4
-4 1 -4 -22 -27 1 -17
-18 -37 -7 -23 -13 -15
-5 -7 8 -20 -2
-7 2 20 14
-13 14 -8
15 -20
-20