100
14 8 11 15 9 17 8 15 10 8 11 8 8 9 11 16 12 10 10 11 11 9 14 10 12 8 11 13 8 8 11 14 10 20 8 16 12 10 9 12 11 9 14 10 17 14 8 10 17 10 10 7 6 8 7 11 8 10 16 17 10 9 12 9 9 7 9 21 16 10 8 7 9 12 7 11 12 12 13 10 16 13 10 8 9 17 11 8 10 14 10 13 13 8 14 11 11 8 13 10
2 9 17 18 43 45 58 68 73 75 83 87 90 1
19 46 63 71 87 92 96 2
4 17 23 36 56 73 79 83 84 99 3
4 14 18 23 25 33 39 43 62 67 71 83 94 97 100
4 6 17 27 37 52 58 96 5
1 17 20 21 24 45 51 56 59 60 71 76 85 87 96 97 6
3 15 18 47 48 81 90 7
15 18 20 23 36 39 50 51 53 68 71 78 86 97 8
11 30 37 48 66 70 75 79 80 9
1 12 29 46 63 83 90 10
4 9 26 36 49 52 64 70 80 87 11
30 31 40 42 71 73 79 12
7 17 18 39 55 73 94 13
2 9 32 43 61 82 86 92 14
3 9 15 18 25 36 37 49 81 91 94
3 10 17 18 23 35 36 41 51 61 65 73 78 82 94 16
6 11 17 26 30 44 47 48 68 76 82 90
4 14 22 33 53 61 77 95 96 18
15 16 26 45 51 53 54 63 65 19
25 33 35 41 44 61 72 73 79 93 20
1 19 35 57 58 77 79 84 85 98 21
2 9 16 22 34 37 66 80 96
2 3 5 15 17 18 19 30 40 53 77 87 93 23
3 35 40 42 44 49 53 63 74 24
12 27 28 30 52 61 66 82 89 94 98 25
10 13 22 23 37 60 93 26
7 9 11 15 20 34 44 51 61 89 27
11 12 39 46 47 52 60 74 87 96 97 98 28
2 18 22 37 49 68 88 29
6 12 18 29 42 63 94 30
4 28 33 36 43 52 66 72 85 86 31
11 16 37 41 44 51 59 66 69 85 86 90 99 32
13 17 29 48 57 76 77 92 93 33
1 4 7 8 9 10 16 31 33 36 40 46 67 71 73 84 86 90 95 34
26 27 67 75 76 80 90 35
3 4 7 8 9 14 17 23 53 64 71 77 81 93 100 36
1 6 7 8 16 19 28 33 48 65 99 37
5 6 15 52 57 64 68 79 98 38
4 17 32 49 53 55 59 82 39
4 14 16 19 35 53 54 75 84 85 89 40
3 12 23 40 58 62 77 80 91 97 41
16 20 46 51 58 73 96 99 42
4 15 30 47 51 52 54 58 59 61 67 72 89 43
12 24 25 39 48 64 69 71 97 44
5 8 14 20 23 25 35 45 47 48 51 56 58 79 84 86 100
5 11 13 19 24 26 27 33 40 63 66 76 82 46
1 3 64 83 85 87 96 47
9 13 15 23 32 48 56 76 80 94
19 21 25 33 43 53 55 57 62 64 80 87 89 91 95 99 49
11 19 28 31 73 76 79 80 88 50
4 7 16 26 27 43 44 48 53 51
4 46 64 77 91 93 52
1 41 43 62 90 53
12 28 42 66 69 75 99 54
21 34 40 68 70 87 55
13 34 42 54 58 64 76 87 90 95 56
3 14 26 27 30 37 83 57
7 24 25 35 46 73 87 88 89 58
2 3 6 20 27 30 36 45 52 55 75 76 81 82 94 59
2 23 30 34 37 39 40 42 56 63 65 66 71 73 75 100 60
26 31 48 56 60 65 73 83 88 61
9 19 49 63 65 85 89 96 62
2 7 13 31 33 44 69 70 75 83 97 63
28 36 50 56 69 75 83 86 64
11 13 20 32 52 84 98 100 65
39 54 63 73 78 97 66
3 6 39 41 45 73 89 97 67
14 19 29 39 43 45 48 49 53 54 55 67 69 72 76 81 85 91 93 94 68
3 8 35 36 47 58 79 84 85 87 89 90 91 97 99 69
1 19 43 46 58 59 68 82 93 70
7 31 38 53 55 80 99 71
31 46 50 58 62 70 72
25 35 36 49 52 55 56 61 73
20 25 27 37 44 50 67 69 74 76 77 90
8 30 34 38 73 75 79
21 26 29 36 42 43 49 65 82 91 76
7 31 48 57 67 70 73 79 84 98 100 77
2 10 16 20 30 44 55 64 77 78 95 100
7 23 27 39 52 54 62 69 74 78 80 85 79
3 6 28 49 62 68 69 89 98 80
2 10 12 20 26 27 39 54 64 68 69 73 74 84 96 81
22 24 26 40 45 47 51 52 65 72 76 99 82
9 26 27 30 41 43 50 86 88 83
8 18 34 38 55 83 87 84
5 38 42 61 70 94 95 98 85
15 16 17 18 24 34 38 40 44 61 76 77 79 88 93 94 86
27 60 61 68 70 77 78 84 86 89 87
3 14 27 48 68 72 78 88
9 24 41 50 57 71 83 86 100 89
11 15 17 27 30 31 39 49 50 64 79 82 88 90
7 11 19 27 66 72 80 96 100 91
3 8 13 15 28 41 46 48 66 69 70 75 92
4 7 11 24 28 29 35 40 43 61 72 80 93
11 12 20 45 72 92 95 94
1 12 14 31 34 40 62 67 71 84 87 91 100 95
6 30 34 42 46 51 69 73 95 98 96
14 34 39 42 43 45 70 72 73 75 97
4 20 40 62 74 76 83 98
7 21 33 44 46 47 56 68 71 79 88 97 99
1 10 73 74 91 92 93 98 99 100
25 6 28 -10 -2 16 6 11 -7 14 8 0 -13 -8 -9 -13 -11 -16 5 -9 -17 -4 2 -7 6 -31 -25 -12 14 -14 -35 -14 -5 -21 8 -1 3 8 -6 5 -27 16 6 -3 -2 -20 -22 10 -8 -18 -7 9 16 13 -1 -8 -22 -12 -3 -32 -27 4 -8 7 -32 -38 0 -16 -6 14 -12 -46 -20 -18 8 11 -8 -9 10 -7 -7 5 -13 -18 2 13 1 -10 22 9 -39 27 -11 23 -18 16 10 -6 -23 -21
-16 30 -2 -4 -11 -35 -2 -29 -5 -12 5 -27 -8 -23 7 0 -29 -9 -15 7 -4 -3 -23 2 -12 16 -25 1 -17 7 -13 3 -10 -36 -34 -19 27 -7 9 -38 -10 9 -11 -15 4 1 -8 -8 -17 -5 10 -16 -17 25 -5 8 -26 -19 11 -20 -14 4 -7 0 5 -8 11 -10 -3 4 -27 13 -8 -5 -20 -14 -20 1 7 17 -8 11 -7 -10 -6 -30 -24 8 -10 2 3 -17 -19 0 2 -11 6 2 0
-13 11 -1 -26 -3 -8 -24 5 10 1 1 0 -8 -3 19 0 -3 11 -15 -8 -5 -15 -21 -3 -2 -7 -10 -5 -30 -19 -16 -35 -35 4 -5 -33 -14 -2 14 10 8 8 -3 -25 -10 -16 -7 -25 -30 4 0 -10 -15 0 -14 29 4 -27 -23 4 -4 -9 -11 -15 -6 -1 -7 -21 -3 -2 -33 -34 -4 -6 4 -13 14 24 -9 -14 -11 -11 -14 8 -4 0 25 5 9 -17 3 4 11 -36 -7 11 -6 -6
-20 -9 5 5 23 1 10 -6 -7 -2 -5 -53 -7 -38 3 0 17 -18 -19 7 1 0 14 18 -22 -3 -32 -16 5 7 2 -3 -9 -5 -12 -4 5 -5 4 2 -10 -18 -3 -22 -42 2 9 -2 -14 12 -9 9 0 23 -54 -15 9 -17 -15 -27 30 -8 -2 -13 0 -24 -8 -15 -17 12 9 -22 -17 -1 21 -3 -5 7 0 17 -19 -14 -8 0 -16 -2 -18 -11 -6 1 -6 9 -1 6 4 -3 -17
-6 -22 3 -1 -22 -22 -10 0 -9 12 -13 13 2 34 -12 0 -19 -4 -1 -22 1 -1 24 -7 26 15 -2 -22 0 -9 -17 10 14 -4 0 -22 0 6 -10 -4 -24 -25 -14 0 0 -6 -31 9 -10 10 -10 8 -8 -18 -18 -8 -8 -9 -25 -20 5 -26 -8 18 4 4 13 -3 -36 0 -14 -17 -9 42 -17 -27 -11 7 -1 -8 15 -20 -22 -20 -18 -17 5 -5 -19 -33 -20 9 0 24 2 5
-18 -30 5 -15 -6 23 -8 -2 6 11 -38 -3 -12 -23 -23 27 8 -8 -3 -1 -4 -7 -11 17 8 18 -2 9 -14 2 7 14 3 -7 -32 3 -20 -30 0 -20 25 0 -6 3 19 -16 -14 -4 9 23 18 -7 12 -19 -3 -19 -8 0 17 8 -9 -11 -21 -15 -9 -12 -10 -12 1 3 10 -25 -15 0 5 -20 -6 0 13 10 -24 -23 -30 3 3 8 -11 -16 0 5 28 -38 -11 19 -3
-4 -9 -18 0 -5 24 -3 -11 -42 5 -34 11 -30 -18 -3 -5 -11 -3 19 -10 -19 0 -18 2 -29 -11 -13 5 32 29 -11 -11 -2 -7 -6 8 -16 -12 -29 22 27 23 -1 -36 -16 -22 -14 -31 -19 5 1 -27 -11 -18 -11 1 0 9 1 -11 -1 -11 -14 -5 7 -23 -7 -14 -5 -24 -23 0 -11 11 1 -9 27 5 3 2 -7 -5 21 -22 18 -10 12 7 -3 3 25 -10 -8 -4
-20 -15 -3 -22 -1 20 -18 -5 11 15 -10 -26 4 7 13 -25 37 -14 6 -24 -28 -4 14 0 -14 -15 -31 -1 -15 0 -13 -25 -9 -12 -8 2 -16 -9 -23 -8 2 -6 -9 4 6 -5 -2 -2 10 -14 -1 2 4 -25 -22 12 -13 -2 -26 0 27 -3 15 -10 14 5 7 11 -26 3 8 -2 17 -11 8 0 -17 -2 10 11 -20 -7 1 -20 5 9 4 -6 -3 -12 1 20 10
-17 7 -36 -18 5 -2 -33 -25 -24 25 -27 22 27 5 1 6 -9 -6 -27 7 -18 2 4 -3 -23 -10 -22 -11 -13 -45 0 3 -4 -14 -14 0 -12 0 -3 -8 -4 -9 10 15 24 0 2 10 -4 9 -13 -19 -23 -12 -27 -11 -21 -10 -4 -28 -15 13 -14 -19 -19 13 -36 8 22 17 6 -7 4 26 -10 7 -19 -21 10 16 -1 -38 -10 32 7 1 -13 -12 15 -13 -22 2
-8 3 6 -13 -13 -24 -2 30 -6 10 -3 -6 -10 -12 -23 -22 17 1 2 -3 0 -2 -7 -5 -14 0 14 -18 -3 0 15 -22 -13 -40 -17 -15 -6 -8 -11 -37 -32 -6 23 16 -21 8 -26 -9 -42 2 0 -10 17 -7 -9 -32 1 13 -17 -10 0 4 10 -26 -28 31 2 15 -1 -19 13 -11 -19 2 -11 9 1 8 15 -4 4 5 0 -2 -5 -13 -5 -2 -38 16 1
-3 -4 -18 0 6 -1 -5 -4 14 23 18 -19 -19 -6 -13 -23 -26 -30 13 -8 -24 7 -36 -5 3 -12 -22 -9 -1 12 3 27 18 14 16 -4 16 -4 -24 8 -15 7 16 10 22 2 -2 7 1 -18 5 11 -20 -18 -1 -1 -19 -5 -38 5 0 16 2 25 -24 -1 5 8 10 -2 1 -17 -28 -2 -34 2 0 -13 -7 -21 0 -5 16 -8 -2 -28 17 5 -37 4
-32 -2 -28 0 0 17 6 -32 -2 17 4 -3 13 -1 -20 -25 -19 -7 -27 21 -24 -3 2 -8 6 -4 -38 -5 -7 -1 -9 -9 -1 -2 -6 -21 26 -6 6 14 -13 -5 19 13 -24 -13 -33 -4 -45 -2 -22 13 -16 23 0 -10 -10 -34 -2 30 -7 -11 3 -16 -18 23 -11 -12 6 0 -11 -3 3 -4 -15 -18 -3 -5 0 -8 1 36 6 -21 -20 -5 12 -5 -2
-10 -29 -9 -19 0 9 6 -17 -15 -1 -1 8 7 -11 -3 -6 0 -17 -23 2 -19 -20 1 -18 8 -10 10 -3 0 15 5 14 -20 -42 5 -5 -23 1 -8 -2 10 -30 -19 -13 11 -10 12 -3 4 -29 10 8 -16 11 1 -16 -5 14 -5 4 -1 4 -9 14 10 6 -19 21 -9 2 4 -8 -23 -12 -3 -21 0 13 -16 -6 -10 0 5 14 2 -27 -12 3
-30 14 -12 4 7 -7 19 -14 -19 -16 -5 0 9 15 -16 -1 -17 -43 -4 -12 -1 11 7 -16 -27 -4 -24 7 -10 -25 3 5 -10 -1 0 -26 -7 1 -3 12 8 34 -1 3 4 -6 -19 17 3 8 -4 -19 -3 -11 -7 -15 1 2 6 -25 -14 -14 -7 -27 4 -6 10 -7 0 -17 -58 -23 -6 15 8 0 -21 -35 19 -13 -11 2 11 11 -10 -8 17
1 9 -18 -1 1 -25 -33 -24 12 -13 -24 -9 17 12 -12 -12 -14 -26 9 -3 -5 -11 -10 0 -5 4 -25 11 -15 -4 12 -13 15 -3 -2 -30 -16 -27 -1 -12 -6 8 -7 -7 -39 -7 -21 0 -16 -11 10 9 -8 -15 -12 -9 -5 3 -14 -11 21 -6 5 21 -4 18 2 25 4 5 3 1 3 -29 -34 -38 -64 3 4 17 -31 -30 -23 2 -7 -16
-4 -18 -16 8 0 -2 -5 -33 -13 1 -39 -20 -20 13 -13 2 12 -27 -28 2 -11 -14 19 35 -6 12 -2 -32 -2 0 -10 -8 -19 -18 -3 -18 -8 -3 12 2 19 15 -19 -10 -16 -5 2 -9 5 -5 1 -15 0 25 4 -16 5 -9 -10 -21 3 -8 -25 -24 0 11 -6 -7 -5 4 -11 -1 -14 0 -2 -27 6 -3 6 0 13 13 -21 -1 4
4 -3 -8 15 0 11 11 2 -11 1 12 -12 -4 8 13 1 -15 -1 -36 -10 -12 11 2 7 5 -14 4 -9 10 16 2 6 -35 -12 -1 -7 -10 -9 -14 12 -2 -9 11 -5 2 -33 -10 -20 0 -4 -8 29 -2 18 -4 9 13 -29 23 10 -2 -6 -3 -12 28 -36 -11 9 -23 -20 9 -5 2 0 2 -9 17 -6 -18 16 -20 -5 7 -22
24 -20 -20 -26 2 -11 13 5 11 17 -15 -10 0 2 21 28 24 -5 -6 -2 -11 -11 4 -7 14 12 0 6 10 -23 7 8 -2 -20 26 16 -1 14 -10 -42 -21 -20 -13 1 -14 18 10 -7 33 -31 -26 -7 -4 -28 -3 7 -31 -19 -15 -24 -18 4 -3 12 -16 -19 -17 37 24 1 -21 23 15 15 -16 1 -31 -31 -6 1 0 3 -6
-15 -15 -17 6 -6 -5 -23 0 -2 -46 -5 -14 -22 -11 -13 -18 15 9 -5 -12 3 -6 -7 5 -2 -14 -27 -16 6 10 1 7 0 -2 -11 -20 -5 -9 -6 7 18 -5 -12 -8 -17 -7 -11 -7 -18 -6 8 -26 6 18 11 7 19 7 -25 6 -4 -18 -20 16 -7 11 6 2 -18 11 -1 -7 -23 3 -3 -11 13 -9 -30 6 -22 15
-1 -10 -10 3 -13 3 19 1 -20 9 4 4 -17 -20 -23 -16 -4 -15 -29 -36 -21 8 -1 15 0 14 -14 -13 -20 12 2 -20 -4 13 -24 -12 2 4 -2 7 1 -12 5 16 -28 -34 -13 12 0 4 3 -5 -6 -12 -11 -12 0 -21 5 7 -23 -23 -6 -17 -21 2 9 6 -18 2 -6 -13 7 -2 -5 -24 -5 6 -1 -18 -6
-5 -25 22 -27 -16 -1 -9 -1 2 -17 4 16 13 2 10 13 -9 -24 23 -5 6 16 3 13 4 -26 4 -11 -9 -38 -20 -14 0 -8 -10 -27 -11 -4 0 3 -8 14 -4 2 -10 -5 11 -18 -8 11 -12 -20 5 4 -26 -12 4 -6 5 -9 41 33 2 -15 0 -9 19 -6 -20 -2 -2 6 -7 -15 -21 -5 -31 -28 -25 -5
-6 -6 4 -23 13 -43 6 13 20 0 -14 -12 -25 16 -4 -8 0 -9 -14 10 5 11 -17 -4 8 -27 0 0 0 4 -14 11 0 -1 -16 -30 -24 -10 8 4 -18 -6 -1 3 -18 8 -7 5 -3 -22 -18 -11 -24 -20 30 -13 0 -6 2 -16 3 4 16 -2 8 -7 6 -10 -2 -11 -4 -27 -11 -5 -22 -19 18 -11 18
-9 -4 -2 0 -16 -54 -19 -20 12 -5 12 -15 -14 -15 14 1 -1 -23 16 -17 -11 -10 -16 -10 -14 -8 -31 -24 0 6 18 -27 -14 -12 -12 -19 17 -9 9 -12 -4 0 -9 -9 -36 21 -10 -12 3 23 14 -4 3 -11 -2 -23 -19 5 -13 3 -12 -1 0 -18 -15 -17 -7 -3 8 -16 25 0 -15 14 16 -16 20 -16
-36 -16 6 18 25 9 6 -11 -4 -15 10 -16 -5 -8 -19 8 -21 -12 -9 -10 -18 -14 -17 -2 -7 -9 11 22 -5 3 -27 -6 -12 -22 -16 10 -41 -9 12 -17 -5 24 6 3 5 -10 22 -19 -9 4 12 -9 -8 2 -19 21 -28 -14 -11 7 -8 -11 10 20 -10 8 -14 -15 -10 16 1 0 -10 -20 9 1 -36
-5 -12 -7 -11 -26 -20 -28 21 2 -13 -4 -53 -30 -19 14 -14 -4 -17 -12 -12 21 4 0 -2 0 -17 7 -8 -22 -28 2 -30 -28 -9 -1 -9 5 14 -7 -8 -3 4 -18 12 -20 -14 -6 -13 -36 22 -4 -10 -2 -3 -35 -29 3 2 -17 8 -8 22 -5 4 2 -24 -25 6 -9 -5 -1 10 5 -19 2 -7
-2 -6 -31 14 0 -26 -24 -28 -6 -6 -27 -16 16 -30 16 13 -7 -2 9 -44 0 -1 2 4 10 -39 0 17 8 -12 -1 -25 -17 0 -16 -19 -11 -23 16 3 0 12 -7 -12 4 -3 -6 -17 10 -24 30 13 -20 15 -21 22 -13 -17 3 16 -5 -15 -4 -13 -15 13 5 -12 -8 9 3 -11 -3 -39 3
-11 -11 13 13 -5 -3 9 6 -33 -7 -13 9 -16 -17 -13 -5 8 0 -7 -4 -11 -14 -9 -6 1 -6 15 -13 -23 1 7 -14 -5 -3 26 -3 -16 7 -10 -9 -32 -4 1 24 -11 29 -9 -9 -10 -2 -24 -7 -8 16 -33 -6 -22 28 -34 0 -11 -10 -14 -2 -21 -5 -17 -21 6 -1 -29 18 -14 -1
9 -38 -14 3 -6 -16 26 -10 11 -16 -17 -17 16 -14 7 6 -11 9 -15 14 0 -31 -22 21 24 27 -9 -16 -6 -14 -11 -5 -6 1 -22 14 13 4 11 1 1 8 12 -19 -6 -14 -3 -6 -7 -20 12 7 -15 -10 -11 -4 -2 21 5 6 -24 -8 -30 -11 -9 17 -8 0 2 8 -11 -10 -23
-13 -7 6 -3 -14 -29 -4 -3 -33 -11 -6 -8 -5 -18 -8 -6 -40 11 -27 -3 15 1 -17 30 -6 -4 1 -17 -14 16 24 21 -7 -10 -20 -14 6 12 -6 13 -7 13 6 -6 4 -18 -13 25 -4 -17 7 -29 12 7 -19 -13 6 7 11 5 -18 10 -15 -16 -21 -17 -37 -18 21 4 25 -1
4 -21 -32 -11 -7 -8 -9 -6 0 0 -12 9 -1 19 -8 -5 -4 0 -2 -5 -14 -20 -5 19 -22 -2 -11 15 -1 -44 -3 -35 -23 -19 -4 24 10 -6 -1 -3 17 8 -8 -9 -42 13 6 27 -18 6 -10 -10 -18 -23 10 18 24 14 21 -3 -21 -11 -4 25 16 -21 -37 -16 -2 -1 -18
15 -10 -11 17 -31 -11 -32 -3 -13 -5 -20 10 -19 -27 -5 -16 -5 -17 -4 -5 -13 0 -7 4 23 0 22 -30 -8 -4 3 -20 -35 -6 -22 -2 -8 0 -7 6 -21 -17 -21 -19 3 -28 5 -7 -21 0 -2 0 26 -2 10 0 -4 -21 -8 -4 -3 -3 -19 9 3 0 -9 -2 17 -31
-3 -20 -15 -12 -18 -15 0 1 15 -13 -10 8 -28 18 -11 -8 -28 5 -3 -8 -46 -16 2 14 0 0 10 32 -19 0 36 14 2 -6 19 -2 -8 -17 -20 -6 -10 -13 -2 23 11 0 0 -11 -21 -8 -7 -14 -1 -24 -12 -18 -14 1 5 12 3 11 -26 32 -21 4 -16 0 10
-4 14 -14 -1 17 34 14 6 13 23 -14 -15 -15 -7 0 -17 -7 0 -11 -35 3 1 2 -8 -36 -5 -4 26 -4 15 -28 -17 -10 2 -13 4 -10 -3 -11 -9 1 -7 -15 5 4 5 -15 -23 -24 -9 13 16 3 7 8 23 -22 -24 14 -32 -2 -4 17 9 -8 21 9 25
-16 -8 3 -13 6 14 -1 -15 1 -15 9 1 -18 -1 -22 -13 15 19 3 15 -1 -7 -8 15 -4 -37 -8 -3 8 10 -15 0 8 14 0 -15 -4 -11 16 -29 14 -10 1 -28 -19 -7 -19 -1 -19 15 -8 15 5 -19 -10 23 -19 6 12 -20 8 -28 7 -8 -5 0 -4
10 16 -7 -7 7 -9 4 -12 -16 -3 9 -22 -11 0 0 -20 17 2 -2 -4 5 -3 10 -8 -1 3 -19 -24 0 -9 -23 0 -38 2 -9 22 -10 -2 -8 14 5 -3 -5 -2 8 -3 3 -15 -4 -19 -20 22 -23 -17 -5 -7 -21 7 -8 -18 -11 -18 -6 1 -13 13
24 14 -16 11 -8 19 0 -22 4 -31 -25 10 19 -26 -13 -25 -5 1 -10 8 13 4 -16 14 2 -19 -24 -16 -9 13 -9 30 2 -2 -25 -9 -10 -17 21 0 -6 1 -27 10 -20 -30 10 -30 7 24 5 23 -2 3 3 -10 -16 -6 -22 -24 -13 -4 -18 0 12
9 -3 -26 13 -37 -19 8 -17 11 -9 -2 -39 21 -29 0 7 -13 -1 -8 -1 20 -11 -11 17 19 -20 -12 -2 -11 8 10 -9 -7 -9 27 -24 -9 -16 1 -14 16 -2 4 -7 -22 -27 -4 17 20 26 1 -20 9 10 -9 12 18 -2 11 4 32 -19 11 2
-19 11 -10 -11 -24 6 -24 -16 -13 24 -20 11 -11 8 -25 -42 -14 4 -19 -13 -4 2 23 -5 -21 -9 -45 2 1 -17 5 11 -9 -5 -3 -19 3 9 -12 7 -15 -18 -24 -13 -2 14 -13 -14 4 25 2 -19 -7 -7 15 -26 5 -2 -1 41 5 0 20
-13 -8 -4 12 -6 -8 -5 2 5 2 -7 -6 2 -15 -25 -8 -24 3 6 -10 -1 0 -2 13 8 -15 -15 -31 6 -3 -20 -18 -14 11 -4 9 -46 -9 0 -7 -12 -13 -3 -1 -15 -7 31 17 -10 8 0 0 11 -31 -7 13 1 9 -26 -20 -9 -5
2 -9 -6 7 22 -20 -15 -13 -39 17 -12 -9 10 4 -21 -9 5 -23 -1 -3 -10 1 -26 -3 -33 9 -2 -17 -31 -3 2 -18 -24 0 14 14 -7 16 -3 4 -26 -8 1 0 -12 -9 -1 -13 10 11 -17 -8 -9 -27 -9 4 -4 0 -15 -28 -18
18 9 1 -16 -10 9 -9 5 -1 -17 10 26 -17 -2 20 -16 10 -16 6 5 -13 -5 1 6 -12 3 -7 30 -2 6 -17 1 -12 -11 -10 1 -6 10 -29 -11 -20 0 -7 -15 0 -20 -12 -39 -39 31 4 1 -18 -21 -19 -8 -32 -2 1 -22
-1 1 7 7 -8 -1 -39 2 -3 17 -11 -12 10 -10 0 11 -8 -7 0 23 6 -15 -26 20 15 12 -17 -2 -5 -3 -9 -1 0 6 1 2 9 -22 -13 0 -12 -22 1 -2 10 -21 14 13 10 -1 -11 -25 -7 31 -12 10 17 -6 0
-19 7 0 -16 -10 -2 1 19 -45 -6 -5 -26 -9 -12 8 -24 -16 -7 -18 -49 3 -15 8 13 -29 -24 0 -8 -16 -1 3 5 3 -26 -22 -2 -17 -26 7 -20 10 -13 -4 -2 7 1 21 5 0 0 2 -9 -3 13 -6 22 -20 15
-15 23 -8 0 -4 16 -16 -10 -16 7 -23 5 -19 -31 -30 -3 -33 23 -12 -6 -10 -8 32 9 8 10 -41 0 -12 -23 -11 -17 2 -29 -3 12 13 -5 24 8 -2 9 -19 5 6 -13 6 3 -31 -11 -4 18 9 9 18 -11 -13
-26 -10 13 -31 -13 -9 33 7 -37 -38 9 -11 22 -18 -45 -33 -3 -2 -26 30 -6 9 -28 -17 -26 -2 -5 -8 -20 -16 -8 7 -8 2 -13 -18 0 2 17 54 -36 9 -20 1 -5 -15 7 1 3 16 11 -7 -1 -1 -14 -13
8 -8 -7 0 0 -13 -22 -5 -5 -8 15 0 8 5 -35 -17 20 3 0 11 3 -17 5 -33 -4 -3 -4 18 -17 -10 -12 -24 17 -23 -3 -3 1 -15 14 4 14 0 16 -1 -11 20 -9 -10 -24 0 0 11 -11 20 -12
4 -19 -28 -35 -5 -11 10 -5 -14 -8 21 -16 -4 2 7 -7 -17 -2 -38 -23 -24 7 -7 -24 4 -39 -1 -6 -2 -5 -13 -20 -6 13 -16 -8 -19 -13 2 -1 0 -10 -1 -36 0 20 21 -11 -18 -25 0 -17 -11 1
-1 -12 1 -6 7 -17 -10 -20 -22 -9 -26 -3 -20 0 -3 28 -18 -36 -7 0 -4 -1 -4 -5 0 -29 -16 -12 -18 -21 -14 -16 -2 0 -5 11 8 -16 12 -5 18 -2 2 -10 27 -4 16 -21 10 -20 -29 7 -13
15 -5 3 -4 -8 17 17 -3 -17 29 -2 0 -4 -36 -12 -2 -5 -11 14 -9 17 -22 0 -6 -7 -23 1 -12 -27 -10 -25 0 -21 -14 -15 7 -12 -6 -12 -36 1 13 13 -16 -23 28 -25 -9 -11 7 -27 -23
-17 18 10 -3 8 0 4 -12 -26 -15 8 -11 -11 27 5 -19 -17 11 -1 -15 28 -33 -8 -7 7 0 -18 20 -21 -22 -9 -15 -9 8 6 -10 -15 -8 20 3 -13 -4 -27 -15 -14 -21 -2 -18 -17 1 5
4 2 0 1 7 12 -9 6 -6 -18 4 -13 -25 -17 7 -1 -7 -19 0 -15 -12 22 -19 5 -16 -52 -20 4 0 -37 0 -2 -2 -13 -19 -6 6 -1 -32 -21 -6 -6 -10 17 7 -21 -25 -45 -9 9
-2 -10 -5 12 -17 -12 -13 23 11 -3 -22 -2 -35 12 -12 6 -12 9 19 17 -39 -1 -22 9 0 -13 -7 7 0 20 -2 -17 -9 -2 -9 -1 11 -29 0 -1 -1 18 -29 -11 -27 -5 -31 -33 3
-16 1 -20 -5 -15 -16 -14 -7 0 -19 3 3 -9 -4 -21 4 -28 0 -3 16 12 -4 3 -10 -30 -17 5 42 -1 -7 4 -16 -11 -20 -12 -21 -6 -7 -42 -9 -15 27 -6 18 -21 19 10 17
-17 2 -10 -26 -12 -2 3 -32 13 6 4 0 -49 6 -24 -20 -11 -5 13 -15 -8 8 7 -15 -11 8 1 4 41 -5 -5 27 -10 16 -14 16 -8 -6 -12 -25 -13 -33 23 -11 -11 -11 -18
-16 -40 -38 -16 -28 -4 -8 9 -22 -12 -11 -20 0 -40 -16 -19 9 -36 -46 -7 0 1 -19 0 -25 -23 -14 25 -3 -33 21 -16 22 -23 24 0 -20 1 -14 -3 -11 -10 6 1 9 -1
-1 -2 -38 0 -33 1 -37 -28 -16 -16 10 35 -8 -10 -15 2 -13 -10 -13 33 -3 10 -9 -14 -9 -24 -12 -1 -6 -45 -14 7 -2 18 13 12 31 -1 -14 -4 -7 -11 -9 0 5
-18 -1 26 24 -9 6 -11 -20 7 0 0 -17 -2 -3 1 -15 -21 -1 21 -15 -15 -14 8 -15 -3 5 3 -11 -14 2 2 -18 -17 -20 -3 -25 -5 -23 -14 -15 10 -11 -9 -7
0 0 -17 -6 0 5 -12 -2 6 3 -21 -7 -30 -16 -17 6 -6 -15 9 -4 19 -20 -20 -20 5 -10 -4 -8 2 21 0 17 1 2 -23 24 -17 -25 -13 -16 -33 26 -13
-28 8 -11 5 24 -12 -11 -20 -4 5 -2 -14 -23 13 -17 -8 0 -35 8 -20 -22 -38 1 35 -28 -12 -17 -15 12 0 2 -8 11 12 -28 21 -1 -3 -15 46 9 -15
3 12 -7 -15 2 26 -18 -25 1 -11 -11 7 -11 0 9 0 -34 -16 12 -1 8 -27 22 10 -16 -8 -9 -4 -12 0 4 3 -27 1 -31 17 -11 -37 0 4 3
-8 -1 -11 -14 -35 13 -4 -1 12 -7 7 -4 6 -27 -8 -8 -19 -9 13 9 -3 5 3 45 -31 -17 4 -15 -6 -21 -6 0 -16 -11 8 5 -17 16 20 -3
-31 -23 -38 -28 18 35 2 6 -11 -31 -9 -18 -19 -20 -5 18 -5 19 -13 3 -5 17 2 -21 -30 -19 16 2 9 0 -24 -5 -5 -25 -11 -1 -11 -8 7
4 -15 -10 -2 -10 -7 0 20 4 21 -2 0 -20 -29 -7 -5 -29 4 4 11 5 -4 24 2 -2 5 8 5 33 -22 -28 3 -29 6 8 12 -52 6
-18 -10 12 17 -4 -11 -11 12 -21 16 -12 5 -5 5 -33 0 -7 1 -24 -5 -21 0 -25 0 -7 20 8 -6 -7 -7 20 -6 -13 7 -12 -13 -8
-6 -7 24 -13 -19 -5 -15 -19 4 -30 -3 -20 -19 -8 2 -15 1 -14 10 17 0 -13 -9 3 -2 -21 7 -18 -14 1 0 -16 -8 4 -14 -9
-16 7 -18 12 3 -21 8 2 -6 -30 -40 18 -10 -22 -10 -20 4 -14 -6 1 -12 6 -22 -2 -14 -25 -3 2 4 15 0 -23 1 10 -9
-31 -9 -2 -6 -20 -9 -28 -4 -8 -1 0 -20 -11 12 -22 10 -6 -30 -1 -17 -6 -7 27 0 10 -16 9 4 -13 0 6 1 -34 7
-8 -17 -11 10 -20 -13 1 -15 0 -21 -36 -7 -12 -10 -7 6 -1 -13 -10 -16 5 20 -1 -27 1 -14 1 -23 6 -3 -5 4 -7
-12 7 28 -20 -4 -24 9 -26 -9 -2 -17 -18 24 -7 -12 29 -13 8 7 -20 26 2 2 -34 7 -2 -19 -12 -33 0 2 -1
-3 -4 15 -5 11 -8 10 -9 -8 -23 -8 18 20 9 -7 9 -10 -16 -21 17 8 -8 -34 -34 -18 -13 -11 -10 8 -15 2
10 -6 -13 -18 0 -15 -3 -6 -2 -19 -17 -4 -35 -16 -2 -30 -19 -13 -3 5 -15 -15 -33 -13 -14 4 14 -38 -17 -29
-16 -6 -14 43 -1 -7 -9 6 -18 -3 1 31 -16 -19 4 -11 -15 6 -16 26 -2 8 -13 9 -8 -2 -2 -39 -7
0 -5 8 -15 -4 0 1 -36 -9 -25 21 4 3 -7 -4 1 -10 2 2 -4 -22 5 7 -1 -3 10 9 -18
18 0 2 -7 -29 -29 0 -15 -26 -6 -5 -28 8 -3 -12 -7 0 -20 9 3 -23 -23 -15 -7 17 1 7
-17 -19 3 -35 -19 1 4 4 12 -23 9 17 4 -16 4 17 19 23 -9 -11 -12 -16 2 -11 23 -12
-10 -23 15 -10 -6 -2 9 -10 -14 -14 1 11 17 3 -18 -3 -3 -33 1 -32 5 -13 -33 -6 1
-13 -32 7 -9 -16 -38 -9 -21 -2 -11 -3 1 34 12 -10 -12 -9 -14 -7 -9 6 -13 -26 -8
1 -9 -11 -22 -24 0 22 -15 -9 -1 -35 -30 -19 19 -12 -19 -25 20 -2 -13 -8 -5 -16
-6 -24 9 -1 -26 4 -13 6 -6 -1 -31 -18 11 -15 6 -17 15 9 4 -4 -31 16
-25 11 9 -8 14 10 7 7 -4 10 -10 -15 -6 -6 -5 31 16 -2 18 -3 -33
7 19 -5 -23 -29 3 -7 -16 0 -9 0 -33 -7 -40 8 26 -16 -10 -8 3
-23 -1 0 18 17 -3 12 -17 11 -3 -19 -11 -19 -45 -6 19 0 15 -6
-7 14 -20 1 -11 0 -12 1 0 -2 10 -30 -25 6 -4 -14 -5 -42
6 16 -17 -9 -6 -35 7 -2 -13 27 -26 -21 -1 -13 -8 -12 9
-9 -5 -12 3 7 -47 2 -22 -3 -9 -7 5 6 2 -6 18
-4 -1 -15 8 -8 -3 -18 -8 0 -11 -25 -3 -1 -6 -1
12 -3 -19 0 -8 15 -28 1 -4 6 25 5 18 -11
7 20 0 -1 22 -4 -18 25 -19 4 -22 -5 4
-3 3 -2 9 -4 0 -27 -27 1 8 6 -15
-12 -16 0 -24 4 -2 -3 -22 -3 18 -22
-17 7 27 8 -5 2 -20 -36 0 -11
-23 -19 -35 12 18 -24 -36 -15 -31
-23 -9 -8 2 -20 28 -1 1
-11 -18 -4 10 -13 -14 18
-16 -10 -14 1 -17 6
3 3 -13 -3 -11
-12 1 -18 -9
-23 -1 30
-24 -5
2