25
11 5 12 12 11 12 11 11 11 12 5 10 12 13 15 9 10 13 10 11 11 10 11 10 10
3 6 8 14 16 17 20 21 22 23 1
17 19 20 21 2
2 5 6 9 12 14 15 21 22 24 25 3
2 3 4 5 7 11 14 15 16 19 22 24
3 5 7 9 10 12 13 16 21 22 25
1 2 4 6 9 11 15 18 19 20 22 23
2 5 7 9 11 13 19 20 21 23 24
5 6 7 13 14 16 18 20 24 25 8
5 9 10 11 12 15 17 18 21 22 23
1 3 5 6 7 8 9 14 17 19 23 10
8 16 18 22 11
2 4 5 11 12 15 16 23 24 25
2 3 5 6 8 9 11 13 16 17 22 24
3 4 5 6 7 12 14 15 16 18 19 23 25
1 6 7 9 10 13 14 16 17 21 22 23 24 25 15
1 4 5 6 8 10 11 25 16
3 4 5 10 12 15 17 20 22 23
1 2 3 7 12 15 16 17 18 20 22 24 25
1 2 5 6 10 11 12 18 22 19
1 6 8 9 12 14 17 19 20 22 25
3 6 9 11 13 16 18 19 21 22 24
1 4 5 9 14 15 16 21 23 22
1 3 4 5 8 10 12 18 21 23 24
5 9 11 12 14 17 22 23 24 25
4 6 8 12 14 18 19 21 24 25
-5 -2 -28 -2 10 -1 -13 0 22 14 -10 -11 2 -5 6 4 -18 -11 -9 4 -19 -27 -35 -11 -5
-21 -1 -7 1 -24 1 14 17 6 1 -10 0 -23 -25 3 -13 -2 -12 -2 29 -5 -20 -35 6
-12 -9 -25 2 27 -13 -5 0 -16 -2 6 11 -33 -14 19 4 -12 -26 -29 -21 -21 -7 -6
13 -18 -5 8 -3 -24 16 0 -1 -15 -16 -20 -38 -20 -24 2 -1 -3 9 -23 -7 -11
3 -17 -6 -5 1 -14 -18 -19 -10 -4 -24 -21 -10 25 20 -10 -37 5 -16 10 -9
-7 -32 -1 -22 5 -20 -13 -29 4 -3 -21 -2 -33 20 -36 10 -13 -31 -6 4
-13 -2 -1 -10 -6 -26 -17 7 -16 -7 16 -20 -26 3 -25 0 -2 -24 -10
-31 -1 21 2 7 -1 -30 -9 11 2 1 -2 2 -12 0 13 -7 21
-10 -6 -12 1 -22 -38 -36 10 -9 0 3 -1 7 10 7 -14 -14
-3 9 3 5 -34 -10 -3 7 1 0 -1 -9 12 0 -9 3
-3 -18 5 0 -6 20 -15 -10 9 -7 3 -31 -12 -15 21
10 -13 -4 4 -6 3 14 15 -2 -10 -9 -29 5 -24
-24 -3 -4 -8 -24 -19 -7 -33 -11 6 -28 -19 -16
-6 8 -21 -28 2 -9 10 -12 1 19 -24 -35
-17 3 21 -9 6 -25 10 -12 -7 4 -6
-49 -22 -24 -13 -5 1 -10 0 -11 -5
19 -5 2 1 5 -18 -5 3 -5
-18 -27 -8 6 -8 6 -31 -17
3 -2 -11 4 7 37 -7
-31 0 -17 -19 -7 -6
-11 -16 16 9 9
10 1 9 6
-7 -9 -8
5 -9
-11