200
5 4 4 5 5 3 5 4 6 7 2 5 5 6 4 6 6 1 7 2 11 4 3 8 3 3 5 8 3 2 5 3 8 10 3 2 5 7 6 6 2 4 9 7 11 8 3 2 3 4 5 5 4 3 8 2 1 4 5 4 3 4 8 2 2 2 7 6 7 6 7 6 4 2 3 4 7 4 3 2 6 3 5 9 6 6 9 4 9 2 10 6 9 4 1 6 8 6 2 3 5 3 3 5 6 5 3 5 3 3 6 5 6 2 4 7 6 5 4 3 3 7 7 6 6 7 8 6 3 7 5 5 7 4 9 4 5 2 6 3 6 2 3 5 3 4 5 6 3 3 4 5 4 2 6 6 8 1 6 2 5 2 6 4 3 5 6 3 4 8 4 10 4 5 10 3 4 7 5 10 4 2 3 5 8 4 3 8 6 8 3 3 5 11 7 4 3 8 8 3
164 29 7 190 71
63 58 36 189
27 174 190 140
23 152 109 9 8
24 56 60 130 155
7 144 51
184 167 180 140 108
57 115 151 72
2 195 41 179 109 88
72 40 56 196 87 27 24
98 25
92 89 155 68 12
187 118 138 32 97
21 142 76 161 159 93
148 50 181 18
12 170 59 198 75 21
60 26 98 72 117 163
94
42 95 91 54 172 69 180
175 166
19 156 163 44 137 187 63 42 119 98 70
164 177 143 57
176 84 197
199 15 59 9 81 103 69 17
55 146 184
81 55 168
128 102 165 118 37
68 36 64 191 144 138 192 150
110 150 103
93 57
36 131 127 24 194
13 29 40
161 41 175 109 153 17 99 98
153 120 136 65 142 3 175 185 30 138
193 69 197
165 88
29 76 112 41 117
1 185 68 129 196 46 130
28 161 77 164 130 156
51 40 96 196 42 139
200 136
1 154 83 126
5 29 93 79 62 15 146 21 22
188 125 18 195 137 197 33
33 169 122 141 43 68 136 156 109 55 139
194 187 177 52 183 80 103 172
167 96 113
133 116
31 64 58
17 87 6 151
142 59 151 57 2
19 182 162 16 59
18 9 85 19
132 61 72
172 125 55 139 34 186 147 148
122 63
122
105 49 25 169
111 91 109 106 120
187 14 173 168
166 26 16
104 187 87 28
64 50 49 138 115 36 109 47
72 119
64 20
114 141
26 13 167 139 4 24 193
61 43 105 125 124 55
103 16 43 98 1 100 68
117 74 109 179 188 143
170 184 125 40 49 76 56
15 149 189 139 16 192
81 15 13 150
123 129
136 41 15
131 21 48 18
153 18 173 61 104 31 146
64 149 153 11
159 21 108
169 150
145 134 81 67 53 172
184 81 62
68 102 34 172 166
77 118 81 193 19 3 160 145 26
19 138 55 130 68 34
90 18 63 95 73 41
113 140 181 78 157 168 136 3 171
142 77 170 27
35 68 30 28 191 142 40 70 73
155 54
184 88 53 176 163 68 130 126 65 14
24 163 109 71 12 1
86 198 34 164 68 42 190 114 142
181 110 144 3
29
20 177 39 140 10 95
150 142 38 111 33 11 79 94
11 92 54 175 64 171
27 91
200 144 105
159 192 40 61 42
46 106 7
46 189 86
106 172 189 64 69
41 180 28 98 10 121
57 52 118 90 79
59 58 7
169 50 103 85 72
18 198 72
90 165 131
103 174 138 85 8 30
67 46 149 68 10
28 153 112 89 187 81
112 156
131 30 99 148
49 66 12 182 112 1 134
138 176 185 190 189 172
51 94 111 18 171
85 160 81 170
32 185 77
130 80 171
105 84 104 179 76 142 33
50 108 171 98 174 192 45
158 146 78 104 141 1
78 74 54 111 149 156
168 83 120 114 173 55 131
122 189 44 169 22 73 132 170
163 159 86 24 193 61
173 80 58
51 38 7 12 63 122 157
197 19 117 107 162
148 50 184 179 99
127 103 63 38 168 177 2
193 198 28 200
109 57 46 179 133 119 13 143 64
32 117 35 119
171 136 144 153 82
194 114
157 185 130 110 141 115
41 191 122
116 67 193 64 164 71
197 200
134 125 161
62 71 113 20 183
74 61 70
86 82 139 21
36 39 60 99 178
40 181 55 17 107 105
85 139 120
107 16 53
108 100 198 150
179 6 196 148 98
123 2 91 77
193 100
108 138 192 189 140 155
57 125 70 112 8 100
87 172 174 104 186 43 120 33
160
137 7 101 152 145 170
7 22
165 110 35 119 47
13 67
98 84 55 117 87 195
98 72 193 108
65 21 121
5 192 139 14 90
58 167 18 200 11 194
8 64 52
6 160 40 62
33 122 172 30 145 56 120 180
66 197 95 43
156 192 184 30 200 42 80 28 149 7
80 148 174 97
102 184 51 20 152
177 161 63 27 179 198 78 176 154 31
145 11 89
137 110 170 95
18 130 166 88 4 108 126
28 111 93 163 118
182 40 112 46 188 134 167 70 158 138
199 124 120 112
188 152
69 83 63
23 72 116 63 193
119 146 157 172 98 87 8 127
84 47 125 55
91 67 88
72 153 180 71 143 3 133 49
22 62 185 105 126 143
195 62 177 122 166 183 126 115
5 24 76
57 104 178
63 79 170 149 95
122 142 136 89 109 191 141 85 91 180 117
70 79 65 60 31 185 50
81 31 191 138
196 177 48
50 56 190 124 71 186 151 195
135 153 73 26 50 76 59 93
46 78 4
4 -6 12 -9 3 -7 8 -4 5 10 10 9 7 -3 1 -3 10 -7 2 12 5 4 5 8 5 5 4 9 9 8 9 2 1 -5 4 5 2 4 7 6 7 7 7 5 9 -5 2 3 9 -3 9 7 2 12 12 5 6 2 7 3 9 12 15 6 7 -5 5 6 4 11 7 -7 6 -9 8 -6 6 -5 7 8 4 1 8 2 5 3 5 3 12 16 8 4 10 -1 11 8 2 -5 9 -6 4 4 9 7 7 1 3 -8 7 -8 6 7 9 7 7 6 6 2 7 -2 6 -5 12 -4 11 -10 5 -2 4 0 8 6 9 7 7 -6 3 12 3 7 8 7 10 1 5 5 5 -6 7 -7 8 5 4 -1 5 5 8 7 13 -2 5 0 6 -4 8 6 3 1 1 10 8 -8 8 6 5 10 4 9 3 -2 8 6 7 0 2 -9 2 6 4 0 9 4 6 0 7 10 10 11 7 -4
5 10 11 10 6 -8 8 -1 15 11 2 7 7 1 6 0 9 10 6 1 6 -8 10 8 7 -4 5 -6 8 1 5 10 8 7 5 6 9 -3 3 11 7 -7 10 3 5 1 6 -10 5 10 5 -9 7 6 4 -2 9 10 6 -1 2 12 8 8 6 1 8 1 9 5 2 1 5 -8 7 -9 3 10 8 4 6 -3 6 4 5 2 6 5 5 5 8 -7 8 -8 3 7 4 5 11 -10 7 -8 8 8 8 5 10 10 6 -4 9 -1 7 -2 8 3 8 0 6 -6 4 8 11 -1 9 3 10 -4 2 -6 10 -3 9 11 6 10 6 14 6 11 4 12 9 -7 8 -6 7 2 7 -7 7 -7 16 -2 4 4 7 -9 6 -5 6 7 4 5 2 -7 2 2 3 -3 8 9 5 10 5 8 9 -2 10 12 6 9 3 2 15 2 3 -1 8 6 5 3 4 -8 7 5 8 8 11
7 3 3 8 9 1 11 -4 5 0 5 0 8 -7 9 3 12 -7 7 1 2 6 7 10 9 -6 10 -3 8 -4 18 8 8 7 10 12 5 4 8 -8 5 -7 8 1 6 7 11 7 3 3 2 4 6 -7 8 -8 4 11 8 4 5 -9 5 8 9 3 7 4 2 12 3 2 4 -3 9 -3 8 -6 7 -2 1 -8 13 -10 5 -2 4 1 6 -2 12 -4 8 -6 6 -4 4 0 6 1 9 -8 2 -8 10 7 7 8 2 -1 9 -6 5 1 6 3 6 -5 8 10 7 -5 10 -7 6 0 1 -4 5 0 7 1 5 10 3 0 13 -3 8 -6 11 2 6 -7 1 6 6 -5 7 6 4 -6 5 -6 11 3 4 2 4 4 4 3 11 2 9 8 5 7 3 0 12 -1 7 16 5 -2 5 11 6 -2 11 1 12 -9 5 -6 4 -3 5 4 11 -7 8 -6 7 -4 6 3
12 -4 9 -5 6 -7 11 7 4 -6 5 -7 6 7 3 -1 7 8 4 13 4 -3 6 7 12 8 4 6 6 -8 10 19 7 8 9 6 7 5 7 14 10 5 2 10 6 -5 4 4 4 -5 7 1 11 10 7 2 7 -3 4 4 5 -8 4 -7 5 -1 6 -6 6 3 10 -7 6 2 10 10 11 7 3 10 3 6 5 2 3 -2 4 -2 5 3 7 -1 8 0 9 5 4 3 5 -5 7 4 1 -1 10 3 7 11 6 -5 4 9 6 -10 5 -6 2 11 5 -7 8 0 7 -1 11 -4 6 4 7 -9 9 0 9 10 8 -5 5 -5 4 -6 3 1 10 4 7 -4 3 -7 6 1 5 9 7 -6 9 -1 12 5 4 -6 7 -3 8 11 5 -8 9 0 6 11 3 -5 10 10 6 5 3 3 13 8 4 -2 2 -3 9 9 5 -5 7 1 8 6 3 -9 4 7 5
11 0 6 -2 6 -7 5 -1 9 9 4 -2 8 9 7 5 6 0 4 11 7 -4 3 0 8 4 8 8 3 -10 7 -4 4 -8 9 0 2 9 5 -3 5 8 3 3 8 -4 11 -7 5 11 7 4 6 -1 4 4 4 9 17 4 4 3 9 10 4 -8 10 11 4 13 11 9 6 2 6 1 4 1 4 2 8 5 3 4 11 4 8 -9 6 6 7 6 6 -8 7 -3 5 -2 8 -9 5 -10 8 4 5 7 11 11 9 0 8 -5 3 10 0 -8 11 -6 10 2 5 1 3 1 6 -6 5 1 3 10 8 -6 4 -2 3 -8 7 7 7 -7 5 -3 6 -7 5 -9 5 7 7 5 3 2 3 -6 6 6 6 11 8 -6 11 7 7 10 6 6 6 -5 10 3 10 8 6 -5 2 6 9 -9 3 -8 4 -9 5 10 6 5 6 0 12 6 5 -7 20 10 11 13
7 -2 4 1 6 10 5 8 4 3 18 -7 8 4 10 0 8 -7 5 -3 1 -6 8 3 10 8 14 -6 4 5 5 2 8 11 5 2 8 8 5 10 6 2 6 -3 4 -1 8 4 10 0 7 5 7 -2 7 17 8 -8 4 6 3 -1 6 2 15 9 11 8 4 -3 3 13 10 -7 6 7 4 10 8 9 3 4 10 -6 3 -8 9 1 3 -1 6 0 3 -8 6 7 7 10 10 -9 7 -2 9 -2 4 14 4 -7 9 10 5 -7 7 8 11 0 4 12 5 0 4 -1 5 10 6 -5 9 2 3 9 7 6 3 11 2 13 4 5 9 -3 4 1 7 10 12 8 8 11 7 5 3 -7 9 -5 3 -2 8 9 7 8 7 8 9 3 6 6 7 2 7 -6 7 9 10 -4 15 8 1 7 9 -7 4 10 9 4 7 -1 5 9 4 1 5 -4 5 6 4
8 -2 3 -5 6 -3 12 -4 4 -1 5 8 3 -3 5 -2 6 6 3 -1 4 19 4 -8 6 -1 10 -1 7 -4 7 -3 5 -2 5 -3 14 -2 9 1 8 -4 5 8 2 -2 6 0 5 1 12 -5 5 13 4 -5 7 1 6 3 9 11 5 9 5 18 7 0 9 -1 13 -10 6 0 6 -7 11 4 3 2 3 0 10 -7 6 4 19 -7 5 -1 6 0 12 7 4 10 5 -2 15 14 5 14 4 7 8 -4 3 5 9 -9 5 2 4 0 5 4 2 -3 2 13 5 3 5 11 10 -3 7 6 8 5 6 10 7 5 13 2 6 -7 5 -4 8 6 4 5 2 -6 10 10 8 -8 8 -9 8 9 9 -2 7 9 8 9 3 -7 6 6 5 17 24 -2 7 5 11 0 6 2 5 -2 7 -1 5 -1 8 8 4 6 5 10 2 -9 9 -3 12 3 4 -6
6 4 3 7 6 8 7 -8 4 4 8 11 9 7 5 -8 7 12 4 5 8 8 7 -10 8 -9 10 11 5 -7 6 7 9 6 5 5 4 2 3 6 4 1 5 -6 6 -6 7 14 5 10 9 12 8 8 7 3 4 -5 9 -10 11 3 8 -5 4 -4 8 10 8 -5 10 -6 1 4 3 0 8 12 8 3 9 6 6 13 4 5 9 7 11 -6 5 4 6 -5 8 7 5 12 5 12 4 10 3 -7 5 4 2 13 7 -1 10 5 8 7 5 -9 11 10 14 0 4 12 9 3 5 -1 6 0 5 0 4 -5 8 -2 8 1 7 1 11 -10 6 9 12 -9 5 -3 4 6 5 -6 3 8 12 -6 9 5 6 0 7 -1 1 5 7 -7 5 2 12 0 5 6 2 -7 9 2 13 -3 3 1 6 5 9 2 7 -7 14 0 12 -3 11 12 6 -4 7
6 -3 7 -5 8 0 15 8 5 0 2 3 5 -6 3 2 11 -7 11 0 7 -4 5 8 3 6 4 10 5 14 7 3 5 12 9 -8 7 5 5 -5 5 -3 6 0 3 -1 10 9 10 0 6 -2 5 4 2 7 12 -1 8 12 6 -9 7 -6 4 -9 9 14 3 14 4 6 7 -9 4 -9 7 -5 5 3 8 -8 4 5 8 10 9 2 5 5 5 7 3 -4 3 -6 4 11 8 -7 6 10 4 1 4 14 6 -5 6 10 7 -7 10 -7 9 0 5 -2 6 -5 6 -3 4 12 7 -2 12 -1 6 6 5 3 6 1 7 -3 5 10 3 -2 6 -8 7 -1 3 0 5 -3 5 -3 6 3 7 -5 5 -2 6 8 6 5 6 3 7 10 9 1 8 8 7 5 8 4 2 11 9 6 9 5 3 1 9 -7 8 -9 4 9 6 11 9 0 4 11
6 1 8 9 9 4 2 -5 4 -2 1 -3 11 3 5 -9 6 18 5 3 3 6 5 -2 6 -6 4 -7 5 -8 7 -6 11 -5 7 3 2 0 10 -2 3 7 9 1 6 -10 5 5 10 7 1 7 7 4 7 6 6 2 8 8 9 -10 4 17 3 1 10 7 5 -2 5 2 5 3 3 7 9 10 8 -1 8 8 3 -5 6 -5 5 8 5 -9 3 7 8 -7 4 -3 0 -6 6 6 6 9 4 -7 6 1 9 -1 5 9 9 7 9 -7 6 6 5 0 6 -7 10 3 7 -5 5 6 5 4 6 -4 6 4 7 11 8 4 4 5 6 -7 5 10 6 -4 12 -7 6 -3 4 3 11 6 6 -9 6 1 4 10 5 3 5 0 5 0 6 5 6 2 10 5 6 8 4 3 6 7 7 1 4 8 6 -5 2 0 5 7 4 8 15 -6 16
5 -5 10 -4 6 8 7 -6 9 7 6 -8 4 -6 7 -6 6 10 5 -6 11 -7 4 8 6 12 4 9 10 -3 7 11 3 -2 6 -2 8 0 19 11 10 5 9 -8 6 14 7 10 6 4 14 -5 9 1 5 10 6 -2 9 -2 8 0 3 10 3 1 7 4 3 -9 10 13 1 9 7 7 3 -2 5 7 5 -4 2 3 10 1 9 -9 4 -2 6 5 4 11 4 -1 5 9 5 8 5 7 7 9 7 -10 11 -7 10 -8 12 -2 7 -4 3 10 4 7 6 12 3 10 4 5 7 -2 5 -1 8 4 2 2 8 7 6 -5 4 -7 10 9 4 -1 6 -4 8 -3 10 0 7 -3 6 1 5 17 6 14 4 14 5 11 8 8 7 -4 8 7 4 -2 7 6 5 3 4 7 3 8 9 11 8 -5 6 7 4 -6 7 4 8 -5 6 3
3 7 12 -6 4 3 7 -6 12 6 6 0 9 11 4 -8 9 9 3 8 8 -8 9 13 8 4 5 11 5 8 10 4 5 -4 7 5 11 -4 10 8 5 0 6 10 5 -3 3 5 8 2 4 12 7 15 8 -4 11 -10 2 -9 5 -5 3 -8 5 0 6 -7 5 4 3 12 4 -9 3 -9 7 9 9 7 4 1 7 -5 8 2 7 -3 6 -3 9 0 4 -5 15 -7 3 9 7 -10 4 -3 5 0 10 6 8 10 15 -5 5 -7 8 2 6 -8 9 4 4 0 6 -1 6 -5 6 10 7 -2 8 -3 5 -9 10 4 8 -8 6 2 6 6 7 -7 8 6 11 -9 5 5 7 5 4 4 5 9 2 -3 7 9 7 0 7 1 10 2 8 -8 3 4 9 -10 5 -1 6 -10 7 -7 7 -7 5 4 7 -5 7 7 5 15 5 -3 11
8 7 4 11 7 9 6 -4 4 7 4 6 11 2 6 -8 4 10 5 -8 3 -2 3 8 5 9 5 -2 5 13 6 3 6 9 12 2 7 -8 3 13 3 2 4 5 9 -6 9 -4 5 -3 7 -10 7 -7 5 -4 3 5 8 -2 3 -3 8 12 12 12 7 -4 6 -5 4 -6 7 -4 6 -8 7 3 4 -6 9 0 3 -9 12 2 2 -2 6 0 5 1 6 -3 1 -8 4 -10 3 -8 6 -5 7 10 5 7 6 -7 9 3 3 -3 5 1 6 5 8 5 3 13 7 -7 7 2 1 10 11 -2 8 4 2 0 5 -7 9 0 10 5 3 12 4 9 10 4 5 -4 6 5 5 -1 11 0 9 4 6 8 6 5 4 7 7 1 6 8 4 8 12 6 5 4 4 5 6 11 2 -6 8 3 15 9 4 -3 2 -4 4 6 4 -6
1 -5 8 -4 8 10 10 2 6 -7 3 -8 6 -10 6 6 4 4 2 3 7 -6 7 13 5 10 4 1 6 9 6 -2 6 13 5 -8 5 2 4 12 6 11 6 13 6 -1 4 10 5 2 5 7 4 3 5 -4 3 8 5 0 10 -7 9 0 2 -2 8 -3 7 7 9 6 4 5 3 -3 15 8 7 4 4 2 5 11 5 5 8 5 9 11 7 -8 4 10 7 7 3 0 9 -10 5 12 7 10 5 -9 8 -5 5 -9 1 -1 5 -1 5 12 7 -6 8 -6 7 1 6 12 6 4 6 13 8 13 8 9 6 7 6 10 6 -3 5 -3 5 -7 7 5 11 12 9 8 10 9 10 12 5 6 9 0 6 -8 2 -8 4 18 11 -8 6 3 0 -7 11 5 9 11 7 15 2 4 4 -10 10 4 6 -6 6 5 6 5 5
5 -4 7 -6 5 -1 9 5 2 -6 8 -9 11 11 7 -5 4 -5 5 -5 11 -5 9 -4 7 6 8 4 3 0 9 -10 8 5 4 5 5 -4 7 4 6 8 2 9 6 5 5 6 5 2 3 12 10 9 10 8 5 5 6 9 4 -3 8 -3 6 -7 3 -3 12 -6 7 -3 5 10 5 -4 2 -9 8 -6 6 10 6 4 6 10 8 5 4 -4 9 -1 4 -3 2 3 5 6 9 -7 5 -8 6 -8 5 -4 3 10 4 9 8 -1 7 -3 3 10 9 -1 8 -6 11 0 5 9 4 -5 4 7 5 -8 4 2 11 11 9 -2 5 -10 4 -7 6 -6 4 9 3 -6 6 -8 7 8 10 1 0 -8 5 -4 5 11 6 10 6 11 10 -3 2 8 7 -7 3 -8 6 -3 7 9 10 -3 6 11 7 -1 2 1 2 3 10 -6
11 -5 10 1 12 -6 6 3 4 13 7 2 6 0 5 -8 6 -8 14 2 4 10 6 -6 6 -7 4 3 9 7 6 0 4 12 1 -5 6 8 2 3 6 -8 7 -8 0 7 7 3 2 12 6 0 9 3 14 -2 6 1 3 9 7 6 9 -4 6 3 10 11 4 -7 7 3 9 5 4 8 2 -2 7 4 9 -10 6 8 2 2 14 10 4 -4 11 7 8 -8 8 8 4 -3 4 -3 11 -3 9 -1 3 -7 4 9 6 -1 2 10 7 4 6 -7 1 -4 3 -6 12 13 3 -1 8 6 5 -3 10 -7 3 -5 7 1 6 2 3 -2 8 7 3 8 2 1 7 -6 10 10 6 3 6 9 7 -10 7 -8 5 10 4 -1 6 10 7 6 9 5 7 0 5 11 3 5 1 -3 6 10 12 -6 5 7 5 -2 4 -7 4
6 7 6 3 7 4 6 -7 8 3 8 2 8 -8 10 11 5 -1 3 10 6 11 6 1 6 6 9 -6 4 -6 6 -7 14 7 4 -9 7 10 9 5 3 3 6 10 4 4 4 9 8 -7 6 -1 1 4 7 8 5 2 9 8 7 -8 10 0 6 -4 9 -1 9 3 9 4 8 -2 14 2 12 0 6 2 13 11 6 -8 6 -5 5 -4 8 7 6 3 8 7 16 -5 6 7 2 -4 5 4 2 -6 7 14 4 4 6 6 11 -6 7 -6 6 2 6 8 6 8 7 -5 9 0 4 4 7 -7 7 -5 5 11 7 5 8 -8 2 5 13 -2 3 -4 7 5 5 -2 6 1 8 8 10 9 5 8 6 -9 15 -3 5 5 9 -9 7 2 6 -9 4 13 9 4 6 1 4 8 9 -9 2 -9 7 -9 6 3 5 -1
11 2 10 8 8 -1 4 -6 3 6 6 -1 8 9 5 2 5 -4 13 4 3 8 6 13 7 4 9 4 12 -2 5 7 5 -2 5 12 11 -6 3 -8 3 -7 8 5 6 10 2 8 7 -1 7 -3 9 4 4 -4 9 3 6 -10 3 4 9 -10 2 -5 13 -4 11 10 3 2 8 -3 6 -1 7 -3 3 7 13 -1 5 10 5 1 5 -4 9 3 6 5 5 15 6 8 9 4 5 -7 7 10 4 -4 13 9 5 -5 7 4 2 2 4 7 8 -10 7 10 7 4 4 -1 3 -7 3 -4 6 -6 13 11 5 -4 2 -4 6 -5 4 9 9 3 2 3 4 1 10 1 10 -1 5 6 5 3 3 6 8 3 9 10 6 2 8 -2 8 -4 6 -2 7 6 7 5 3 -10 4 0 8 9 7 9 3 2 5 11 8
6 1 6 11 7 -1 11 -5 4 6 7 1 7 -1 4 8 6 -8 8 -7 10 6 11 -6 9 10 4 -2 5 3 9 3 6 -4 8 4 8 5 3 -9 8 13 5 -4 3 -7 4 10 12 -2 9 -4 3 -9 7 -7 12 3 4 5 3 3 8 1 4 4 4 8 6 3 4 10 4 -2 8 18 2 -5 4 -7 8 -6 6 1 9 -6 8 4 8 7 9 9 5 -8 3 4 1 -6 7 3 6 2 10 -1 7 2 10 8 3 3 6 8 6 -3 8 10 5 8 6 -5 2 11 7 -4 7 12 5 4 5 6 5 9 14 9 1 -8 6 -9 4 -1 3 -2 5 -5 16 -6 12 4 4 7 3 -3 3 -6 4 -4 2 4 7 5 4 8 12 3 5 10 8 3 8 8 4 4 5 2 8 6 6 3 9 -9 5 -9
2 -7 6 2 7 -7 5 6 9 7 7 -9 11 -8 8 2 4 11 13 13 8 3 5 6 7 -9 16 0 6 -4 7 11 8 6 3 2 10 6 8 -7 1 -6 4 3 2 9 10 7 5 11 9 -9 10 -3 7 14 5 -3 9 -1 4 9 7 12 10 -5 14 4 3 9 9 0 4 5 6 15 5 8 6 0 11 5 4 9 3 10 10 -10 11 5 6 -8 7 -3 7 -4 14 -4 5 10 2 -8 9 -7 8 11 6 9 6 -1 5 -4 11 10 6 8 8 5 8 5 11 7 10 9 6 -10 5 -6 8 8 2 -3 7 9 7 0 11 0 5 2 0 8 10 -4 5 -2 6 1 8 -8 6 10 5 10 5 0 2 -1 4 -8 9 -2 11 -4 9 2 8 -10 7 6 4 17 10 6 5 -4 6 8 4 -10 7
9 2 11 -6 4 -8 2 2 6 -2 7 -2 4 4 7 -4 9 -2 8 -4 9 -4 6 6 1 -6 7 5 10 -5 8 -3 3 6 9 -2 5 -5 3 -5 9 -4 7 0 8 -9 9 4 5 2 5 11 5 1 14 -1 7 9 8 -4 9 -6 2 -4 3 -7 7 2 10 15 9 -5 11 6 5 7 5 5 9 1 6 6 8 -2 6 7 5 6 6 -3 8 -7 10 -1 5 8 7 3 7 -3 6 3 7 1 7 2 7 4 6 0 6 2 9 2 11 16 4 11 12 -6 7 -1 5 1 5 5 7 7 8 9 4 -7 3 10 10 12 2 0 7 1 5 -9 6 9 3 -3 9 -1 4 7 9 7 10 8 3 8 3 -4 4 1 5 1 8 -9 6 -2 2 -3 6 11 8 -5 8 14 2 -3 5 -6 8 8
4 7 12 12 3 6 10 16 5 -5 3 -5 7 -4 6 0 4 -2 5 11 5 9 2 -8 2 -8 3 -5 5 -3 3 5 6 4 5 9 3 -4 8 2 7 7 1 -6 10 2 3 9 11 11 4 -4 5 5 7 8 7 -8 7 10 3 -8 7 -4 13 -4 11 -1 7 -6 3 3 6 -4 13 11 8 0 9 10 4 5 7 1 6 8 6 -1 8 -3 4 -6 6 15 7 -6 9 -3 5 0 4 4 6 -5 4 -5 3 -4 6 -7 3 10 4 7 16 12 5 -6 12 -1 8 -1 6 2 8 6 5 1 4 0 8 -1 6 -1 5 -1 5 9 4 4 6 -2 6 11 4 -8 7 -9 5 1 6 -4 6 14 6 7 4 -5 12 4 4 7 11 10 3 1 4 10 3 14 7 6 7 -2 3 1 5 9 7
2 5 7 -1 8 4 12 2 8 -7 6 -8 10 -9 4 13 4 -6 9 -7 7 -8 5 5 5 8 5 -8 7 6 10 -5 3 2 13 6 8 5 5 5 6 8 6 5 7 -5 6 1 12 9 4 5 4 -9 11 0 6 -7 4 6 4 5 4 -5 4 10 5 -1 2 -6 9 4 3 6 5 9 6 -7 5 0 11 4 6 -1 9 -10 5 0 9 10 5 -8 7 4 6 -6 6 11 5 10 1 5 6 -2 6 8 3 1 4 5 10 -8 4 6 12 -7 2 -4 5 3 3 5 2 -6 4 -3 7 11 6 0 7 4 8 8 5 5 4 -5 5 -8 6 -3 1 -2 9 -7 6 9 9 9 10 10 6 -10 5 -4 7 1 10 -1 11 9 5 10 7 4 3 -7 7 -4 7 -7 5 9 4 10 6 2
9 -4 5 -1 6 12 6 1 6 6 6 10 7 2 6 8 2 -6 12 8 6 2 3 -3 13 8 1 1 1 4 3 5 11 3 3 -3 10 -10 3 -8 7 2 6 1 7 7 8 6 5 9 7 -7 4 -8 9 5 3 4 6 -4 4 -3 9 8 3 4 7 3 5 6 3 6 3 -2 9 7 12 5 5 3 9 -10 5 2 6 -4 2 2 4 -10 6 -6 8 6 9 5 6 -6 7 12 5 0 7 2 5 10 11 6 10 -4 7 1 3 9 2 8 10 2 8 2 8 -1 9 5 11 11 8 8 4 -8 9 -3 12 5 5 -6 4 -9 5 -6 12 8 5 10 6 -1 11 9 4 9 12 5 7 3 7 -4 5 3 8 4 10 7 7 9 10 2 5 2 4 9 6 8 4 9 7 -1 9
4 -5 7 -7 3 -5 6 -1 3 -2 10 -9 4 -7 11 -5 6 -10 6 -1 5 -6 8 11 7 -3 11 2 7 8 11 12 5 5 6 -7 2 10 2 -10 3 -10 14 -1 4 -2 7 4 8 -5 9 -9 6 -1 11 -4 4 -7 8 -8 7 11 2 16 2 6 3 9 5 -9 4 -6 8 9 9 -9 5 5 7 5 4 6 7 7 10 6 7 8 8 -4 4 -4 6 -3 12 1 8 1 5 6 3 4 4 -2 8 -10 8 -9 7 -6 13 -4 4 8 5 -9 6 4 1 6 3 5 5 9 4 6 5 7 6 -8 3 4 6 4 10 6 2 1 6 -2 16 -1 5 10 3 0 6 7 4 6 1 17 9 5 14 -2 6 -1 4 -3 4 3 4 1 18 0 5 3 8 -4 3 0 7 -6 8 -4
6 -1 8 8 3 -8 6 -5 4 4 6 11 9 12 7 7 8 -9 3 8 14 -5 15 8 10 8 7 4 6 5 2 -10 5 0 6 -1 6 8 5 -2 4 12 8 3 8 -9 2 8 3 2 2 8 5 -1 7 -6 11 11 11 6 4 10 10 12 5 -2 8 0 7 -3 3 -3 6 1 9 10 5 2 6 -7 8 -1 2 6 7 -1 7 -3 8 9 4 8 12 -1 5 13 4 8 1 2 7 5 4 9 6 -8 10 -6 3 5 7 -4 9 -2 5 1 7 2 12 6 3 -7 3 4 9 -5 4 -5 8 -6 6 4 9 -5 13 2 2 7 10 -5 3 -5 13 4 11 2 5 8 6 -9 10 5 3 -4 7 -6 5 7 5 7 2 5 5 -5 6 -3 1 -5 3 11 4 -4 6 -5 10
9 -5 7 -4 4 5 5 -1 2 6 3 3 5 0 7 1 4 -8 6 6 10 -9 3 -6 9 3 4 -3 4 -5 10 -1 5 4 7 -2 10 10 3 3 6 1 5 -8 9 -2 7 -2 8 0 6 -1 3 1 7 -1 8 -8 9 -4 4 10 3 9 5 -9 5 3 7 10 6 11 3 9 4 10 6 -9 12 -1 5 5 5 -4 11 4 7 -8 13 8 4 -9 5 6 6 -4 3 9 4 -5 3 -4 9 -7 17 -9 8 7 6 -1 15 10 4 4 2 9 2 8 2 6 12 6 3 4 10 12 10 -2 5 8 4 4 5 -2 11 1 11 -7 5 9 7 10 10 7 2 5 7 -4 5 -7 8 -2 6 9 8 -9 8 7 6 -9 6 -4 9 -10 4 6 5 12 14 1 6 -7 4 8
3 -9 11 -2 12 -4 7 -5 7 6 7 -5 1 3 7 7 7 4 5 0 4 2 5 -6 7 4 9 -7 9 0 6 9 8 7 3 6 6 -10 12 8 6 -10 5 7 5 -2 5 4 2 7 4 11 6 8 8 10 15 -5 9 0 10 -8 14 -5 9 10 7 9 10 0 3 -6 6 2 5 5 4 -1 7 -4 8 3 3 -1 7 2 6 0 6 0 10 8 8 10 5 6 7 -8 6 7 6 -2 8 14 13 -1 6 1 7 0 2 0 5 -5 13 4 6 9 5 -8 3 4 18 1 6 7 5 3 12 2 3 13 5 -9 2 -1 5 15 9 6 2 7 11 7 8 9 8 -3 6 -8 12 -6 8 7 8 4 4 2 11 10 6 -4 16 11 4 11 6 10 10 -2 4 -5 7
8 -1 3 13 9 -1 4 7 8 -4 3 12 4 11 3 -7 6 -8 13 19 7 7 4 -9 7 -1 5 -5 8 -1 6 10 7 0 6 -8 5 2 4 -6 6 6 6 -8 4 -7 3 -6 4 4 7 8 7 2 11 -7 7 9 5 -9 3 9 4 8 6 3 11 9 10 -7 5 -3 4 1 9 -10 4 -6 9 -3 6 9 5 -3 8 0 7 -1 9 -4 5 -8 10 0 8 6 4 -5 6 4 9 -6 4 -4 4 -4 6 4 13 -3 8 8 9 -4 9 13 2 -3 14 6 7 1 4 -7 4 -2 7 -1 10 -10 5 -5 8 11 12 9 12 3 7 -3 5 11 9 5 6 -6 6 -4 10 8 4 16 6 -5 16 -5 4 7 5 -4 0 16 8 12 4 -7 7 -7 9 2 8 3
3 0 9 4 5 -6 5 12 11 9 5 3 6 5 10 -9 10 -3 9 10 4 3 3 4 8 -2 8 0 8 14 8 12 8 0 2 8 6 10 8 8 2 -9 6 6 4 -7 6 -9 6 3 8 7 6 -10 6 -6 7 -9 6 3 11 3 7 -1 14 5 12 -3 8 1 8 -5 12 4 3 3 4 -5 6 11 4 -5 6 7 6 7 5 6 4 10 9 -4 5 3 11 6 3 3 6 7 9 -1 5 8 8 -2 6 3 7 4 5 -3 7 -4 13 5 7 1 4 -2 5 -7 5 7 7 -2 7 4 7 10 3 -1 9 7 7 0 6 13 9 11 12 9 9 10 6 -3 1 12 3 -1 6 9 7 12 11 9 3 -8 5 -10 5 3 4 -4 2 -7 3 -8 5 7 6
8 -5 8 0 6 1 4 3 6 -5 6 10 9 -3 6 8 7 -6 9 10 8 -10 6 7 5 -8 9 13 9 -7 8 -4 7 8 2 9 7 10 6 -3 5 -1 6 7 4 6 4 8 12 -9 6 2 9 0 10 11 10 8 7 -5 6 -8 7 9 7 5 11 -3 3 4 8 -5 12 1 7 3 3 11 6 -8 4 -6 4 -5 10 4 8 6 14 3 3 11 9 -7 3 2 10 2 6 -8 8 6 2 9 2 -5 7 1 11 10 7 -3 5 -4 4 -9 11 0 5 -4 8 4 14 -7 4 9 3 -10 5 -2 10 7 6 -2 6 -1 6 2 4 8 9 7 7 0 6 -3 9 -3 5 4 7 0 4 2 8 2 11 2 6 7 8 -3 5 -5 8 14 6 -7 5 -1
7 4 8 9 8 -9 17 -9 4 6 6 6 3 2 6 -2 7 3 6 5 3 13 7 6 5 5 9 9 9 2 8 0 6 -2 8 3 17 10 3 -6 5 6 3 -4 7 -5 9 -9 6 5 8 7 11 -7 5 6 6 0 5 -5 4 -2 5 3 10 3 9 1 10 -4 6 3 7 9 11 -5 6 -6 15 -6 12 8 17 -3 3 0 7 -3 8 -3 7 4 10 5 13 -4 6 3 2 10 12 -5 6 8 1 10 3 0 4 -6 6 4 7 5 8 9 5 -1 12 8 12 1 10 -10 8 -5 3 5 12 -1 8 12 12 0 5 5 8 -10 5 14 4 12 9 -5 5 -9 11 4 8 -4 4 -5 3 10 11 2 9 -3 3 4 6 -1 13 -2 5 -8 6 4 9
6 8 5 -9 6 25 8 5 3 -2 4 6 4 9 2 8 8 2 7 10 1 13 5 5 8 0 1 -6 9 -8 5 4 4 10 0 -1 6 8 6 11 4 10 3 9 7 3 9 -4 5 11 6 3 6 6 5 6 11 15 4 -7 3 -6 7 -9 5 -8 13 5 9 7 5 3 4 -9 5 7 7 2 4 3 10 -1 8 5 2 1 3 0 7 0 4 11 8 4 5 3 9 -7 7 13 9 -3 4 7 2 1 7 -3 6 9 4 9 4 -10 11 -5 10 5 16 2 8 -3 0 8 6 -5 5 -3 4 3 13 -1 10 8 8 9 7 6 7 -9 5 -1 8 -3 10 -4 11 -4 6 -6 3 9 7 -3 10 4 10 0 5 10 6 -2 6 -4 7 7 1 11
7 -4 4 1 7 9 5 2 5 2 7 6 10 -6 4 9 0 7 11 7 8 0 7 -6 7 5 8 -7 6 -6 8 1 3 -6 5 7 9 -10 6 -6 7 1 5 -2 4 -1 10 10 3 2 6 10 8 -5 6 11 7 -5 5 -6 5 2 6 9 8 -1 5 3 8 0 5 -1 10 2 5 7 3 -7 9 11 5 -6 6 1 2 -2 6 8 3 8 11 2 17 4 9 0 6 4 7 -10 4 -1 7 -3 8 14 6 -4 4 -1 8 -10 5 -2 7 -7 10 -5 9 2 7 9 14 8 3 -4 5 6 4 7 12 -8 6 -2 5 -1 11 -7 8 10 2 -1 10 5 5 2 6 -7 7 8 4 9 16 12 13 5 6 10 6 6 8 4 9 6 5 -1 10
7 -5 7 2 8 1 5 -2 6 -3 4 -9 6 10 9 6 3 8 4 -1 5 8 12 -6 6 13 3 -1 7 10 9 4 5 -9 7 4 5 -5 3 -3 12 5 4 0 11 -4 5 -6 9 -2 3 -3 9 0 5 1 8 -4 4 0 4 6 8 -7 6 9 4 5 2 -4 7 7 4 8 8 1 5 7 6 -2 2 12 16 -3 5 -8 6 1 5 0 8 4 6 5 7 3 4 -3 8 5 6 8 6 -9 9 -4 5 6 4 3 6 6 3 8 8 10 5 10 6 3 5 -5 9 6 8 -3 10 -4 1 -9 13 -3 8 11 14 2 3 -2 3 7 11 0 7 3 8 6 5 7 2 -6 7 -4 3 4 8 -2 9 5 6 10 3 2 5 2 2 -3
8 -3 7 -2 2 -3 5 -2 6 -4 6 12 8 8 7 -5 8 7 4 6 2 11 4 13 7 2 6 12 4 0 3 6 7 2 3 -2 12 1 9 -6 5 -3 12 -6 8 -2 5 7 5 2 12 11 5 7 3 -5 1 11 7 8 5 3 7 -8 5 10 3 -9 5 -3 11 1 13 5 6 5 6 9 5 -8 8 -3 3 7 8 -6 7 -2 11 -3 8 3 6 -6 7 10 4 -5 6 -9 13 9 9 -1 5 -6 4 2 3 -6 10 9 13 11 7 4 8 9 5 1 7 -3 9 -2 2 3 8 -5 5 3 8 -7 9 0 8 -4 3 8 7 5 7 -2 4 -8 6 5 9 -8 15 -3 10 13 7 -6 10 -6 4 6 6 -10 5 -10 3 -3 9
6 0 4 -8 5 -4 15 2 7 2 5 -3 12 -8 7 9 11 -10 7 -9 3 -1 1 7 3 -8 7 -3 7 -9 4 7 8 4 2 -4 6 -10 2 -3 8 0 7 8 5 2 8 -7 3 4 10 16 6 -3 3 -6 10 2 3 7 5 11 5 1 8 3 4 -7 6 7 3 -3 7 -3 11 9 8 -5 5 1 5 -5 5 2 6 -6 5 -9 4 -4 10 -7 7 1 4 11 8 -1 5 10 11 4 6 -4 14 -4 3 -6 9 6 8 0 3 -2 11 -10 4 -8 5 6 5 -1 5 3 4 -8 6 2 5 5 5 4 5 -4 6 -10 9 11 4 1 7 -10 7 6 5 -6 3 7 7 0 7 -6 9 -1 2 0 5 -6 6 0 3 -6 7 10
10 -6 2 4 6 4 6 7 10 5 8 -6 6 -9 5 -1 12 10 9 -5 8 -6 9 2 4 2 2 -7 5 5 6 -10 5 8 5 6 12 -2 5 -5 8 -2 2 -1 5 -1 11 1 2 4 7 -1 6 2 6 7 3 8 10 -4 7 -2 7 -2 9 3 5 4 8 9 6 5 10 8 5 2 7 8 9 -3 6 -8 2 8 5 -6 3 0 2 1 5 -4 8 -5 3 -3 5 -2 13 5 7 -5 7 -4 2 11 6 8 4 10 6 -6 4 7 5 -10 13 -6 10 1 5 0 8 2 13 12 3 -9 5 -2 8 -2 7 10 5 -5 4 -1 6 7 10 -3 13 1 5 7 6 7 5 7 12 6 12 -2 6 8 14 1 3 -5 14 0 7
6 0 11 -8 9 2 7 8 8 -7 6 -2 6 -3 4 4 8 -8 11 2 5 -2 8 0 6 1 8 -7 4 3 5 -7 9 -1 7 -3 6 9 10 12 3 -5 7 7 7 -2 8 2 5 5 4 0 4 -4 8 4 7 0 6 -2 3 -2 6 -2 4 8 9 4 6 6 8 7 4 -3 11 6 7 6 4 -3 5 -9 4 0 7 7 12 -6 8 6 3 -6 8 7 7 10 8 10 6 10 5 -6 15 2 10 -7 6 13 7 0 12 8 6 10 7 0 6 -1 8 2 0 11 10 -5 4 7 4 10 4 -7 12 3 8 -10 5 5 3 10 6 -5 7 -3 10 0 10 -2 12 6 9 6 17 0 3 9 8 9 8 1 4 1 9 -2
8 2 9 4 7 2 11 1 4 10 6 -1 8 4 7 5 4 6 13 7 3 -2 6 4 4 2 7 1 12 11 3 9 5 3 4 -1 9 0 5 -10 7 -6 11 15 6 -2 7 12 10 -6 7 11 5 1 6 0 14 -10 5 -8 6 14 2 0 2 2 6 7 13 0 7 6 2 -3 9 9 4 3 7 -4 18 -2 3 -2 7 -2 5 -10 6 -7 6 9 9 11 4 -6 7 7 5 0 7 -3 4 -9 5 9 10 2 11 2 11 3 2 -2 7 14 5 -1 9 -8 5 2 7 7 3 -9 8 -7 7 6 3 -1 6 -2 6 9 8 5 15 3 3 8 3 -2 2 7 6 7 7 -9 6 2 6 -4 7 -8 3 -7 7 -6 8
6 -2 6 -4 6 4 4 0 6 11 10 8 5 0 3 7 10 2 7 0 9 6 7 1 3 10 7 -4 5 1 9 -3 9 13 6 7 9 -2 7 8 3 4 3 3 5 -2 8 -6 8 12 5 4 4 1 4 -9 3 -8 2 -2 7 -9 10 4 6 8 4 -6 4 -5 3 -10 5 -4 3 0 6 9 7 1 8 0 2 4 8 8 4 4 5 5 5 5 11 3 10 1 6 -9 5 10 3 -7 0 5 11 -8 5 2 11 4 7 13 10 9 5 1 10 -4 7 -6 13 0 6 -9 9 -1 6 10 4 6 12 -6 5 8 8 -9 2 -3 11 5 8 -7 4 7 8 -6 11 3 8 2 5 6 4 11 7 -7 4 -6 1 -1
7 -4 6 6 14 -2 5 -7 9 -8 9 12 6 -2 8 9 4 2 6 2 3 -6 5 9 4 -7 7 6 7 -3 7 15 7 11 4 9 10 9 7 3 6 10 9 4 8 2 10 8 3 3 4 16 11 3 6 15 10 -3 10 8 6 8 12 3 5 7 2 -4 7 8 2 -3 2 7 12 -5 6 2 9 -7 7 -5 7 11 8 5 9 -4 6 11 9 10 8 -9 10 -9 9 -8 6 13 9 12 4 10 5 5 14 1 8 9 6 -5 8 -9 6 5 4 -8 6 7 9 5 6 -7 4 7 5 -2 4 -1 8 7 8 -4 11 -4 6 12 4 3 10 2 8 -6 6 10 5 9 7 -5 7 -9 5 4 4 2 5 -9 6
5 -4 9 -1 4 9 6 7 6 -4 3 -1 6 8 6 7 4 -8 5 1 2 11 3 -10 6 6 7 8 6 -3 4 7 7 4 11 8 5 -8 6 -4 8 -5 3 7 6 1 5 -7 6 4 7 2 12 6 4 -6 6 0 7 -5 5 10 10 -4 10 -2 5 6 5 9 10 -6 6 2 10 0 5 -7 11 10 3 3 10 6 4 1 5 1 8 3 8 10 6 -3 6 4 3 -8 13 -2 5 3 8 7 11 12 3 -1 7 4 7 7 3 -9 8 -6 4 -4 14 -3 4 5 5 2 14 -4 10 14 11 7 6 9 3 2 3 8 4 8 5 -3 4 10 3 10 2 -6 8 -1 13 -10 6 -4 11 9 2 -1 8 0
5 -5 7 3 13 8 2 -8 9 -5 9 5 8 -8 6 6 5 6 8 -8 8 -6 9 10 2 -9 5 0 8 11 6 7 8 -4 7 10 10 7 3 3 2 11 7 2 5 -2 5 10 3 -2 4 -9 5 -3 13 -6 2 13 7 -5 6 -7 8 -5 6 7 11 -5 5 -2 7 -5 5 0 8 11 6 3 8 7 5 -1 6 0 2 1 7 10 12 13 2 6 11 11 6 3 11 -9 19 -3 5 4 8 -9 5 8 4 1 8 -2 5 10 3 6 10 -5 4 -9 8 -6 6 -7 4 4 5 6 3 -5 6 -4 4 1 3 -2 10 -2 4 11 7 -3 3 7 6 -4 5 -10 8 -1 5 -6 4 8 8 9 7 -9 4
4 -7 4 0 8 5 6 9 10 0 5 -3 2 13 4 0 6 -9 6 1 15 -2 6 8 2 10 8 9 5 -7 6 6 6 -6 9 -6 14 -2 5 -5 7 -2 9 -2 4 3 3 9 10 6 9 -3 4 -1 6 1 2 5 4 -4 5 0 11 6 5 8 2 -7 12 -6 10 -4 8 -1 8 2 6 11 3 8 11 10 6 -1 11 -3 7 -7 6 -3 8 7 6 -4 5 6 8 0 6 5 12 -4 6 2 9 -9 7 0 6 -6 3 -2 6 10 2 -9 3 2 12 -3 5 9 6 -8 7 3 13 10 7 10 13 -4 6 -7 7 -4 8 3 6 6 5 3 4 -9 3 2 3 -5 4 4 10 -5 2 6 6 -6
9 9 8 5 12 6 2 7 3 5 7 -5 3 2 21 13 5 -3 4 10 10 1 7 -5 4 -7 6 -10 7 -1 7 0 6 5 5 2 5 3 6 7 3 -5 6 -2 9 0 7 -4 5 4 10 7 4 6 3 -6 6 -9 6 -10 9 -2 3 -7 8 5 9 -10 2 -6 10 8 5 -2 8 -3 5 -1 5 8 7 -4 15 -8 6 10 5 5 4 8 3 9 7 7 6 0 5 10 9 6 7 10 7 0 7 8 5 7 5 14 6 -3 4 -7 8 2 7 -7 10 -4 8 10 5 9 5 10 8 9 7 -6 3 12 6 9 8 -5 5 -6 8 -9 9 -1 5 10 4 2 3 4 7 4 4 1 5 -8 26
9 -6 6 15 9 -8 5 -6 9 -4 13 8 12 8 2 8 7 -4 11 -4 4 -2 7 1 3 -7 3 2 3 5 7 -4 6 -8 9 -6 3 3 7 -2 5 -6 6 3 6 3 2 -4 6 10 11 13 7 4 8 -4 6 2 3 -6 7 -2 8 -4 3 -1 8 -8 2 -3 6 -1 2 -5 6 2 5 -6 8 -6 5 5 9 11 3 -2 5 -5 7 6 6 2 5 3 5 -9 9 5 11 4 7 0 5 -3 7 -6 6 -1 7 -6 6 -5 6 20 5 1 7 -2 5 -7 2 4 4 -5 7 10 7 4 6 -4 5 9 1 -7 8 -10 11 7 6 -6 9 3 6 -7 10 -7 4 -3 6 8 3 -9 7 8
5 4 3 7 8 -2 4 -4 11 -9 7 -8 11 4 4 -6 10 5 13 11 4 5 4 5 11 -3 5 -7 8 3 6 8 5 10 11 -3 7 5 9 0 6 10 9 10 7 1 14 -1 3 2 3 10 15 -3 6 9 8 -2 6 2 5 -3 10 5 7 -1 14 -6 4 13 8 1 6 -2 8 -7 3 0 5 7 6 -5 6 -10 1 1 8 -8 8 1 9 5 10 -3 8 5 1 -8 5 2 4 9 9 5 3 13 2 -2 2 8 7 0 7 -4 5 1 7 -3 18 -1 3 7 10 4 5 -9 20 6 5 9 9 4 5 -7 3 7 5 2 8 -9 10 4 4 5 4 6 8 3 3 10 10 -1 8
5 12 6 -5 5 -9 17 -8 8 3 3 3 11 2 4 -8 6 -3 4 1 6 3 4 1 11 3 5 -1 7 -3 5 -3 3 -8 7 4 7 4 3 6 0 -2 7 0 5 -6 7 0 9 -8 2 -4 5 0 5 6 6 10 8 4 12 4 9 0 6 11 6 -8 4 5 7 13 12 9 5 -6 3 10 7 -3 8 -2 8 -9 6 -7 3 0 10 6 3 1 11 -2 8 -4 22 -6 8 2 13 -1 7 -5 18 4 10 7 6 8 10 -1 6 10 6 12 3 9 5 0 4 -8 8 -8 2 -8 1 -8 6 -5 3 5 6 -1 3 6 4 3 8 9 3 7 2 -6 7 -3 8 1 4 18 2 12
6 6 2 5 7 -1 7 8 13 2 3 -5 7 0 7 10 7 -5 4 -2 6 2 8 11 6 3 5 8 3 -4 6 8 4 9 5 0 4 8 8 -3 5 10 13 -8 2 4 10 -5 6 -4 7 -6 5 -7 3 6 13 7 6 -3 4 5 6 1 6 5 9 6 8 -2 4 3 7 7 9 -4 3 -7 5 -9 6 -2 7 9 5 7 15 -4 6 -10 6 6 9 -1 3 -5 6 3 5 10 4 0 6 7 8 -9 9 12 6 -4 2 11 5 6 8 11 3 -4 6 -2 7 10 3 5 4 -8 6 9 4 -1 7 4 2 -9 11 -7 3 7 10 -4 8 0 6 4 4 0 9 -6 5 5 10
8 -3 6 -10 3 11 9 -1 3 3 2 2 5 2 5 2 8 4 4 10 4 -6 11 -2 10 -8 2 -7 5 -5 4 11 8 4 12 -10 14 3 5 -8 3 9 9 8 13 -1 4 -3 5 10 7 -1 4 0 11 -2 5 4 4 0 13 -6 8 6 5 0 8 -8 3 5 11 7 3 9 14 3 6 -6 7 -8 6 8 4 -5 4 1 6 10 8 4 1 -4 7 2 9 7 6 -9 8 -2 3 2 6 5 12 9 9 -1 10 3 6 -1 4 8 4 -8 7 7 5 0 8 14 4 7 7 0 4 2 10 4 3 12 3 -3 11 -6 5 -5 10 0 9 7 4 2 4 -7 7 -3 3 -6
3 5 5 8 7 -7 5 3 8 12 5 10 6 10 3 2 7 6 7 -6 7 -3 3 -6 3 -2 8 0 4 5 6 6 5 3 7 9 5 11 5 4 7 7 11 -5 6 -1 6 13 7 -2 7 -1 5 0 5 -9 8 -8 3 -3 9 -2 3 8 8 4 8 4 3 -9 6 8 7 13 12 9 6 5 7 11 3 -2 4 -7 4 1 10 -4 4 15 6 -2 10 0 7 -6 4 7 4 4 10 -3 12 -7 9 12 8 7 11 -8 4 3 8 0 5 11 4 -3 8 -5 8 2 1 -7 6 2 7 9 14 9 3 4 3 -2 4 8 4 10 6 7 7 -8 5 10 7 4 7 -4 7
7 1 3 -4 11 5 6 12 6 -5 12 9 4 -3 5 -8 6 -6 7 1 8 9 7 -6 5 0 8 9 6 -8 7 -7 6 1 6 2 8 7 7 7 4 -3 4 3 12 -6 5 -1 7 9 9 3 2 1 6 0 4 3 5 6 9 7 8 4 8 -5 7 11 9 -1 6 7 16 -2 7 7 7 5 13 7 2 3 8 11 7 -5 5 -9 8 7 3 8 7 8 6 -9 6 -1 9 -8 9 10 11 -7 7 -1 6 -9 9 0 2 0 11 8 12 0 5 -5 6 -2 6 7 7 4 8 4 11 -5 4 11 5 -8 6 -1 4 -1 6 -8 8 -9 2 -6 5 7 6 -8 7 14
14 -9 7 -8 6 -7 7 2 5 -5 2 -6 4 3 11 -10 6 2 4 -5 8 8 5 4 12 -3 3 -3 5 11 3 2 5 4 11 2 10 -7 8 -3 4 -1 6 3 10 1 3 -2 5 0 3 -3 4 -8 5 1 8 3 4 13 3 9 7 7 9 9 5 6 5 -2 10 -6 4 -3 5 2 7 -7 4 6 4 3 4 5 8 -4 6 9 4 10 6 -5 5 -6 2 9 5 9 8 15 6 -9 2 -3 11 -6 6 8 4 -5 5 12 2 0 10 11 6 -3 8 7 5 9 8 -4 4 0 17 -3 7 6 7 7 6 3 12 -3 0 -6 5 -10 2 12 11 6 2 10 6
6 4 8 1 3 -5 7 -4 6 -9 3 8 3 12 4 7 7 4 4 0 6 -6 7 5 10 2 9 0 11 -10 8 -8 7 2 6 -9 7 -3 8 11 11 4 5 -5 7 9 5 -4 7 -3 4 1 3 -10 6 4 8 1 7 3 13 -7 6 -5 7 2 6 8 4 6 9 2 8 -3 6 -4 10 -9 7 8 9 -1 14 10 7 -3 8 -5 6 7 8 3 5 2 12 8 7 -4 9 -9 11 10 4 1 7 4 7 -1 15 8 8 -2 10 12 6 -5 6 -3 5 8 5 -2 7 18 15 6 8 5 6 11 2 10 4 8 3 6 4 -2 4 -8 10 -4 6 1 8 -9
9 6 5 -7 4 5 6 3 6 -3 12 -5 14 -9 6 -4 4 2 6 -9 2 1 2 5 5 -4 7 3 8 -3 7 -8 5 -3 3 -7 5 9 15 -7 2 1 11 0 5 3 6 7 2 -1 5 0 10 8 6 1 6 3 5 -1 12 0 10 7 5 9 7 7 8 -1 5 -4 4 -6 3 5 5 3 4 11 10 13 5 2 13 9 7 -1 6 6 2 -3 15 1 4 -7 6 -5 3 1 6 0 15 -9 15 2 4 -6 6 -1 5 2 7 1 4 10 4 -4 10 -5 6 0 7 10 4 2 7 -7 6 -3 4 -7 13 9 8 10 11 -8 7 4 3 0 14 -1 6
10 7 13 6 7 6 6 -8 2 10 7 3 12 -2 4 2 9 3 11 -2 6 1 3 -4 4 5 9 4 7 -5 7 -8 3 6 5 3 4 -10 7 -6 7 7 7 9 7 8 7 -9 7 -6 9 -5 3 -10 7 4 8 6 4 7 5 -1 8 -3 10 -3 6 10 7 -2 6 3 5 4 7 4 8 -6 5 6 10 -7 5 10 17 9 8 1 6 -5 6 6 9 9 1 9 5 -2 9 -8 6 -2 2 8 6 4 5 -9 4 4 6 4 8 4 3 2 11 5 6 8 3 0 6 9 4 6 14 1 11 10 10 3 5 -4 3 10 7 -4 7 -9 5 -6 3 -2
11 -6 2 7 5 6 4 10 6 0 4 -7 5 -3 4 -8 10 6 5 -6 7 -4 6 0 15 1 6 8 7 -4 4 9 3 10 3 10 11 -10 4 -3 5 7 4 7 8 -6 6 -1 13 9 4 3 9 9 9 9 13 4 7 -7 4 -5 7 -6 5 10 4 9 6 8 7 1 5 16 12 9 8 2 5 -2 10 -3 4 -3 4 6 5 -2 3 4 3 2 8 -1 7 -3 8 -9 4 2 5 -3 13 -1 10 1 6 -9 10 8 17 6 5 -8 14 12 7 8 12 6 9 6 7 -7 4 1 3 8 3 -2 1 6 8 10 9 1 14 -9 5 9 11 1 12
7 12 3 -3 4 3 5 0 10 7 12 -8 4 2 1 10 5 9 5 8 7 6 5 -5 7 -5 11 11 18 -10 11 2 8 6 7 6 6 7 5 2 9 15 3 -1 5 -6 6 10 6 4 2 4 3 -6 11 -7 7 3 5 7 7 3 6 6 11 -5 9 -2 3 8 7 1 8 -4 3 4 4 -2 5 12 2 4 5 4 4 8 14 2 4 -6 12 3 8 -2 14 1 8 13 5 -6 1 8 6 5 6 9 8 0 2 5 6 0 7 4 5 9 5 9 7 8 5 3 3 -8 2 -8 4 5 8 -5 9 4 12 -4 5 -3 9 -6 2 8 3 4
9 -1 12 9 6 -6 11 7 7 3 7 2 2 8 5 8 8 -2 7 -3 6 -3 8 4 5 -3 6 -7 2 1 6 7 5 3 5 -9 11 -6 10 5 10 -1 6 -4 10 -2 2 -10 7 5 5 -10 10 7 3 -9 12 4 5 0 6 -7 16 -6 6 -6 6 8 8 -2 6 0 9 4 4 2 22 -7 7 -6 7 11 5 6 5 0 7 -3 5 -8 10 -6 4 8 13 -7 5 -1 4 2 5 4 7 -2 6 -4 11 12 4 16 6 2 10 6 9 2 6 2 16 6 14 2 1 7 1 3 7 -6 3 -4 4 3 2 7 3 -7 9 -6 4 -3 11
4 -2 4 9 4 -4 3 -2 5 0 10 1 9 -6 7 6 5 9 1 -7 4 3 10 0 11 7 7 -1 3 10 3 -3 4 1 8 5 11 6 10 11 9 2 4 -6 12 -2 8 2 6 11 7 -4 9 1 8 -7 5 10 12 6 7 10 4 -5 7 -7 6 9 7 4 8 4 8 4 9 8 6 9 8 9 1 -3 9 0 7 4 2 2 10 11 4 0 10 -5 11 7 9 6 12 -4 5 2 12 -4 5 -1 7 9 5 7 9 5 8 6 2 -8 5 7 10 -3 8 9 12 4 8 13 8 10 7 -3 2 -2 5 2 13 5 5 0 11 3
3 11 4 22 5 -4 5 8 3 1 6 11 9 -9 6 1 8 9 7 1 2 6 7 7 5 9 4 6 4 -2 6 1 6 -1 6 -1 6 4 6 9 0 -3 7 -8 13 0 6 -2 7 -2 7 10 9 5 18 5 5 11 9 5 4 8 4 3 8 5 6 8 5 -3 13 4 7 3 5 6 16 -4 5 -8 9 1 13 -3 9 2 6 10 5 -7 5 -7 7 8 6 -6 11 6 9 -6 4 -8 11 6 14 7 6 0 6 -5 6 1 2 1 9 1 7 7 4 0 7 7 11 -2 3 0 5 4 7 6 7 -3 9 -5 5 -3 3 9 7
2 2 9 -6 7 5 7 -3 6 -3 5 -1 3 -4 4 -4 4 11 12 1 6 -1 5 7 4 11 13 8 8 -4 4 3 7 16 3 1 5 -8 6 -4 5 -1 7 1 13 9 14 -4 6 -3 7 3 6 16 11 8 7 5 5 9 6 -7 6 -6 1 -3 9 8 5 7 5 -6 8 3 5 -4 6 3 7 8 9 4 6 6 9 0 5 -9 4 3 6 -9 6 7 8 -3 4 6 4 2 2 7 14 7 5 -4 6 2 9 5 6 -4 8 3 6 -4 7 -6 8 0 8 -3 6 12 8 -3 7 -6 4 9 7 -8 7 -9 3 -6 7 -6
4 0 10 -5 6 -9 11 7 13 -4 7 -3 4 5 6 -4 3 -5 5 11 5 -6 5 0 8 4 5 6 6 5 10 3 6 4 5 -9 6 9 7 3 7 3 10 -3 7 -2 10 2 6 -1 5 10 3 -5 6 6 6 -2 1 5 9 12 5 7 5 -1 3 10 12 8 13 11 6 -6 9 14 4 1 5 8 4 -1 5 13 6 11 9 -7 3 0 7 -5 4 -9 6 8 3 6 8 0 6 12 8 7 6 1 4 -4 2 6 10 4 7 9 6 -6 9 -1 7 1 7 0 7 3 4 8 12 3 12 -7 5 -3 8 -1 5 13 5
3 5 6 -8 7 1 4 -5 6 1 6 -3 6 4 5 -1 5 4 4 -2 8 -8 5 0 7 -4 3 11 5 -5 8 4 8 -6 7 -2 5 3 6 0 3 10 4 11 4 -8 8 5 4 0 9 4 4 -7 5 16 3 9 9 2 4 -6 8 -4 6 -6 5 9 7 1 10 -3 4 -5 7 0 6 5 17 5 9 5 6 -9 6 -8 7 5 4 3 12 0 8 -6 23 11 7 7 5 -3 6 5 9 5 5 2 9 -8 9 -5 4 0 10 -1 4 3 7 -7 6 -2 11 -10 8 -3 16 -2 10 -2 7 6 6 -7 4 5 5 -4
6 -3 7 -10 10 3 8 6 6 -2 4 -9 4 3 8 -8 10 -5 7 -4 5 -8 7 -10 2 -8 6 -4 6 2 5 8 5 4 4 3 17 6 8 8 7 -1 2 -6 9 -5 6 -9 5 9 7 3 13 -9 9 4 6 1 6 -8 4 2 17 -3 3 -5 9 9 7 -6 1 4 8 -6 8 3 6 5 4 8 8 -3 4 0 4 10 3 -9 6 9 6 4 6 -4 4 -6 6 -7 4 -6 5 4 7 4 9 -6 8 -7 5 -9 9 -7 4 -9 5 -7 8 6 10 3 4 3 10 0 8 -7 10 -4 9 9 9 5 8 1 7
7 -1 4 3 5 3 8 10 4 4 7 -9 11 3 9 11 4 -9 4 -6 5 3 8 14 9 1 13 1 11 3 4 -5 7 -3 13 4 3 -1 8 1 3 2 5 -6 6 10 8 12 2 -4 3 1 7 1 5 2 4 -2 6 6 4 0 5 2 6 -5 7 8 7 9 1 6 5 7 7 0 8 12 4 -6 4 -4 6 -5 8 -4 6 13 7 -4 5 5 2 0 6 -2 11 5 8 -8 5 1 10 5 8 4 7 -6 7 4 9 -2 3 23 6 4 9 5 10 8 8 10 13 4 3 11 8 7 6 5 9 -1 12 1
6 -8 5 -9 6 8 15 -1 6 -6 9 -3 10 6 18 -1 6 -3 9 7 5 4 8 12 6 7 3 8 6 8 6 -2 6 2 2 -10 7 -5 9 4 4 5 4 2 7 -5 11 3 5 7 5 1 6 1 4 2 4 1 7 -5 6 7 3 9 7 3 6 -9 9 -3 11 -2 5 -3 4 5 7 -1 8 -8 5 6 10 9 8 12 8 10 12 7 16 8 3 13 6 -5 8 -6 6 -4 6 -9 4 3 8 6 7 -6 1 7 3 -3 7 11 1 -5 6 1 6 -8 15 -2 3 -9 7 1 5 3 5 2 5 2 4
4 5 2 3 5 0 6 10 8 8 11 6 4 -1 9 0 10 4 6 -8 6 -4 4 1 5 -8 6 6 9 6 6 5 7 8 10 8 6 3 5 6 9 -4 6 -1 6 -3 8 -8 6 4 6 -6 6 2 6 10 8 -4 10 -1 8 -6 5 8 4 3 3 3 7 10 6 5 4 -9 10 -3 3 2 10 -1 10 -1 5 0 10 7 5 -9 4 13 6 -6 2 -2 9 -1 3 10 8 -9 4 2 8 3 11 6 11 -1 7 10 7 -2 5 6 1 -1 9 -5 7 -4 6 -9 3 -6 6 5 4 7 6 -9 4 11
3 9 6 -3 7 9 10 4 8 -3 4 0 5 8 4 0 4 10 6 5 7 9 6 8 9 -4 3 -10 6 0 10 4 4 12 2 4 5 8 5 -10 6 9 11 0 3 0 5 -5 8 0 8 -10 5 11 5 4 5 6 1 7 4 8 7 13 5 6 2 -10 10 -4 6 1 8 -4 6 3 4 -10 5 0 10 -6 3 9 8 -7 5 -1 5 -7 14 7 3 8 4 5 8 -6 7 8 3 -3 10 9 6 -6 7 1 4 7 10 7 8 9 6 10 5 7 5 4 1 3 9 -3 6 1 2 3 7 -9 6
7 -4 8 3 5 7 5 2 4 2 7 0 6 0 8 8 5 -6 8 6 13 -4 5 6 3 2 10 5 9 -2 6 -7 8 2 10 -3 5 4 11 -5 14 5 8 10 7 -6 6 7 3 3 6 -10 5 -5 7 -1 6 13 3 -5 6 -8 7 -1 10 -1 3 12 9 1 8 6 9 6 9 5 6 -8 15 10 3 5 8 -5 4 -1 4 -6 8 -5 4 8 7 2 5 3 9 4 6 6 13 1 5 9 2 10 6 -2 6 -10 5 -8 4 4 6 7 9 10 5 -3 6 -8 6 -3 6 8 4 -1 4 6
5 9 4 2 2 -3 5 -7 12 9 11 3 2 1 7 -9 10 -7 4 4 2 -7 9 -8 7 11 7 -2 5 3 9 -6 7 5 9 8 9 6 6 2 5 6 16 -8 4 8 3 2 8 -2 2 3 6 12 5 -5 5 -6 9 11 5 -3 5 -1 6 -2 3 -4 4 8 3 10 5 6 8 0 13 4 8 3 6 8 4 1 6 -6 4 6 5 12 5 1 4 -4 10 4 4 -7 2 10 4 -6 8 10 3 2 6 -9 9 4 4 11 2 -8 7 -6 7 2 10 -1 4 9 8 -7 7 6 6 4 4
5 -3 6 6 7 -2 2 9 9 12 7 -1 10 6 5 5 11 4 3 9 9 10 3 4 4 7 5 2 7 5 9 -1 9 1 7 14 6 12 6 -8 3 4 5 12 7 -6 7 14 12 -4 5 0 6 10 9 3 7 -2 12 -1 8 8 5 7 6 -7 6 3 1 10 5 3 8 14 5 0 7 9 5 -6 5 -3 10 10 3 -6 10 -1 11 -5 6 -2 6 3 13 -1 6 10 12 13 4 -3 5 -7 4 -7 7 6 7 8 7 -3 4 4 9 8 8 -10 10 11 9 4 8 4 3 -1 4 0
9 6 11 6 1 -6 9 1 10 9 8 8 5 5 10 10 8 0 5 1 10 6 13 7 4 7 3 4 9 5 6 3 8 -6 5 -3 6 2 3 8 7 0 6 8 11 -10 3 2 4 -3 8 7 4 8 5 1 15 10 3 8 11 -3 9 6 7 -4 7 -9 5 3 6 3 4 -6 6 -9 3 -7 3 6 4 -8 5 10 6 8 8 -8 3 6 8 -10 12 11 6 -4 9 -4 7 -2 6 7 7 -6 9 6 4 -5 6 0 6 -8 9 8 4 -2 2 10 9 -3 7 2 8 9 9 -9 8
9 1 10 -1 5 10 4 10 7 6 6 -7 6 -5 8 -10 4 1 5 -4 4 -8 12 -10 3 8 6 12 6 -6 2 7 9 4 4 -3 4 8 7 2 3 2 4 8 9 11 3 3 6 9 5 10 5 2 9 12 7 1 4 5 13 9 4 -1 7 6 2 -7 3 0 3 -10 3 6 6 -4 12 5 4 4 4 -8 3 6 6 -4 15 13 3 9 6 -2 5 6 4 -5 4 -1 7 -2 11 -7 9 12 6 6 8 12 16 8 9 11 11 2 9 -5 3 -1 7 6 6 -2 7 5 6 11
9 4 6 1 6 -2 2 3 7 -8 6 10 11 9 9 1 5 -8 4 11 5 -7 7 -10 5 0 8 -2 8 8 8 1 2 8 6 1 7 -7 3 3 6 1 3 6 5 -4 12 4 7 10 3 -3 10 6 9 -7 5 -1 9 -1 2 2 3 4 11 0 10 -10 9 9 7 9 5 12 6 5 10 9 7 -7 5 0 7 -3 8 -2 13 3 11 3 4 5 10 -7 5 -3 4 3 4 -6 8 -10 5 -9 8 -7 5 6 5 -4 7 1 1 7 2 1 4 -8 15 -5 3 9 2 10 9
2 -4 6 7 16 -5 6 -5 6 4 7 2 8 -2 11 -2 16 -8 10 -8 11 -2 9 0 5 9 3 4 5 0 10 -6 4 -9 4 6 12 -8 2 13 11 0 6 0 5 18 3 8 6 8 7 7 5 10 2 1 5 1 13 8 10 -2 6 0 7 11 3 -9 4 6 12 2 6 6 4 1 9 4 10 -3 6 2 7 2 4 12 10 6 7 10 3 12 6 7 7 -4 8 -5 9 -4 3 10 9 5 8 2 13 8 10 -1 10 10 7 -10 6 2 8 -8 12 14 6 1 11 9
5 5 6 8 6 -3 8 7 4 -5 5 -6 6 -10 2 8 6 5 6 11 3 8 6 5 5 1 4 7 6 3 9 -4 7 -3 6 10 13 6 6 9 12 3 4 -10 3 -3 15 3 7 -3 5 7 9 -6 6 -3 4 0 7 -1 7 5 9 9 6 10 3 7 12 1 8 11 7 -2 11 3 7 5 6 5 5 0 7 10 6 -4 7 -10 3 -6 8 1 5 0 4 5 8 9 7 -4 6 5 8 -4 8 7 11 20 9 -7 6 2 7 -8 4 -4 3 5 6 -10 8 -6 1
8 10 7 11 5 4 8 12 3 6 10 -5 8 7 8 8 3 5 6 8 13 4 10 3 6 0 3 13 9 -5 7 10 8 6 4 6 7 0 4 1 11 2 6 3 6 0 6 -1 8 11 8 9 6 0 14 -2 10 2 9 -3 6 1 16 -8 5 7 15 0 4 8 6 10 3 5 3 11 2 -4 2 -2 3 -6 2 -5 2 6 12 8 9 -2 9 -3 3 5 7 -8 6 -7 3 -7 6 7 8 9 6 5 5 9 7 0 1 6 12 -7 4 -2 5 -7 4 -6 1 -7
8 0 6 -9 12 5 11 -4 8 -4 5 -3 13 3 23 8 9 -8 18 5 7 -4 2 -1 6 -2 3 3 6 4 6 -3 7 -4 9 -1 4 -6 8 4 5 -9 2 -4 6 7 7 12 9 3 8 -1 2 9 8 10 9 1 6 5 4 -2 9 0 5 -6 1 2 10 14 5 4 3 1 5 -4 6 -7 11 10 3 -1 12 -1 7 12 13 -7 4 -6 7 -4 4 3 7 -8 5 12 2 3 6 2 7 3 4 -3 4 -1 4 -7 3 8 7 -5 7 4 3 9 4 -2 9
10 -7 6 1 6 0 3 0 3 11 5 -7 14 -7 8 -2 7 -5 6 4 6 -4 5 4 4 -6 4 -1 2 -9 9 -5 6 1 9 -3 2 8 5 -1 11 5 2 3 8 -6 5 -5 12 1 7 -5 4 4 6 -7 2 1 17 -6 15 2 8 -10 5 1 10 -3 6 10 5 2 9 0 5 -3 6 9 6 1 6 8 6 -1 8 -9 2 11 7 2 9 12 3 -7 7 8 7 7 7 -2 9 5 4 -3 11 -4 3 11 0 13 10 -6 5 -8 8 11 8 0 6 8
4 11 7 11 4 -3 9 7 4 8 3 -7 12 10 6 5 1 -9 8 8 10 -7 8 -6 8 5 11 -7 7 11 4 -4 10 -8 8 5 7 10 12 -1 14 1 6 6 2 -2 8 -6 6 12 9 7 11 -6 1 -3 4 -10 9 2 13 9 2 -5 6 9 2 -6 1 6 14 9 10 2 9 -7 6 5 4 0 4 -4 2 5 4 7 6 9 5 0 5 15 6 5 5 -5 2 0 8 -2 4 -1 4 11 8 3 5 -9 6 0 1 11 4 3 9 -6 3 0 3
9 -4 3 8 5 -3 10 11 10 -2 6 -2 3 10 6 2 11 9 6 -1 5 7 3 -1 14 -1 12 -9 3 7 6 5 4 15 7 -1 9 7 9 -2 4 9 8 9 4 2 11 7 5 -9 8 -1 10 1 5 7 6 2 8 2 3 12 24 6 6 7 8 1 7 -6 7 0 8 4 6 9 6 3 9 6 3 0 5 6 6 7 9 -4 6 -3 5 -7 6 2 11 9 1 -3 11 -1 7 -3 6 5 11 0 9 5 8 6 8 16 3 13 5 4 9 -4
9 6 2 -10 5 -6 9 -1 1 7 4 1 12 -4 6 -5 9 -1 6 4 12 -3 7 11 7 1 8 -2 8 -8 2 1 4 -7 2 -7 6 -8 9 4 9 -4 11 0 7 1 6 -5 6 1 11 5 6 9 7 7 7 7 7 1 6 0 3 3 5 -9 6 10 6 -6 7 -9 6 5 5 5 12 -9 2 5 4 6 10 8 4 6 5 13 12 9 9 11 6 8 7 7 11 9 1 10 12 3 2 -4 11 -8 5 -9 9 3 9 8 10 -9 9 3 7
4 -6 3 9 3 12 11 4 4 1 7 -9 5 11 5 2 1 14 5 11 6 -4 8 12 8 5 4 -1 4 2 5 2 5 -10 4 7 4 2 9 -1 13 1 9 -10 7 -1 2 -8 5 1 9 -4 11 10 1 -9 5 3 4 -7 5 0 7 -6 3 -3 6 4 7 10 6 11 10 -9 5 -5 15 8 5 12 2 -1 10 -7 9 2 10 -8 5 5 7 7 3 13 13 7 6 -5 6 1 6 5 6 12 2 7 5 10 10 8 10 4 5 6 4 -4
10 4 7 -3 10 7 5 2 10 -4 5 -6 6 -2 8 13 3 -8 4 -9 7 -4 7 1 1 9 1 9 3 4 6 1 5 -3 2 2 3 17 5 3 5 17 4 -8 5 3 3 -8 8 9 9 -9 9 8 8 -6 11 6 10 2 12 -7 11 -2 3 -7 8 3 6 1 4 -7 7 9 8 -6 12 -7 8 2 8 -5 11 6 13 -1 7 11 3 6 5 10 4 6 4 6 10 3 11 2 7 -5 4 -2 6 -8 10 7 5 -5 8 -8 7 -6 5
4 7 5 -9 5 -5 3 9 9 6 6 9 12 10 6 -6 5 -4 7 8 4 -5 5 10 9 10 13 -3 1 12 5 0 5 -6 4 -9 6 9 10 10 3 7 6 -10 8 6 5 10 2 3 11 -7 4 5 8 -7 4 9 5 8 5 11 1 -3 20 11 7 7 5 -5 11 3 6 -8 6 0 4 10 13 9 5 -9 11 -6 5 2 15 4 8 -2 9 3 6 9 7 -7 5 3 8 -9 6 12 9 9 4 4 8 -6 6 6 8 2 9 -3
1 4 5 7 4 -2 4 -8 4 6 4 -4 7 2 12 8 12 9 7 -3 7 8 7 0 5 -2 2 7 5 1 7 -2 12 7 7 12 5 9 5 -10 10 -10 9 5 6 -9 3 7 6 8 2 2 11 1 8 -4 4 18 9 2 9 -5 9 -7 8 -7 8 -3 10 4 11 0 8 -2 9 2 5 -3 5 -1 6 6 8 -1 3 6 11 8 8 7 12 -10 3 -4 18 11 6 16 11 -1 4 1 6 -8 3 6 5 6 3 2 8 9 7
9 -6 6 10 4 6 2 5 9 10 7 -4 7 10 9 -8 6 -4 7 5 8 -2 5 -6 15 -7 6 -1 7 12 8 -4 8 -2 6 2 8 -10 6 -4 9 6 5 -2 6 -6 11 -2 4 4 1 8 8 -9 3 10 7 -3 7 8 7 12 5 -2 1 -2 5 5 8 -4 5 -4 9 4 6 1 7 -3 8 -2 4 -4 7 -9 7 12 3 2 9 -2 8 -10 2 -4 10 -7 7 -10 1 11 6 0 6 -4 7 1 6 -9 3 5 8 5
2 2 7 -1 3 10 10 -5 11 0 6 3 9 -7 5 -8 9 5 5 -2 8 -2 7 9 5 0 6 5 6 -9 3 3 6 -5 11 -8 7 -3 10 -9 6 5 10 12 8 10 8 -7 7 5 6 3 10 9 5 9 9 6 4 -7 4 0 5 8 12 1 9 -4 6 -3 8 10 8 -7 4 5 6 -2 10 7 2 10 6 6 7 5 6 13 6 -6 9 -9 3 14 3 10 3 -10 7 -2 7 -2 9 -1 3 8 2 -6 4 -5 5
10 1 5 3 6 -5 9 2 7 10 12 -7 9 9 4 9 7 1 7 -7 4 10 2 -2 8 -10 8 -3 9 -4 2 5 7 -1 8 -8 6 7 2 -4 5 -8 8 7 5 -7 8 -10 2 6 4 23 4 0 8 -5 4 2 10 -8 7 8 6 -5 6 7 3 4 5 -5 10 -1 12 4 2 8 6 6 4 2 8 9 7 -6 7 -5 4 -5 7 18 8 5 7 2 6 4 10 -3 8 7 8 2 6 2 6 -2 4 4 9 2
4 8 7 -5 6 1 4 2 0 1 6 -4 9 0 9 -5 6 7 1 10 6 0 8 2 10 6 8 -7 3 0 5 -8 3 9 9 8 6 -9 5 14 4 -1 10 9 7 -5 4 11 6 5 9 -6 3 -3 5 9 1 0 4 4 7 -1 8 0 6 5 2 2 5 -2 6 7 3 8 11 5 4 12 5 12 6 2 13 -1 12 -9 6 10 6 1 5 0 4 11 14 -6 5 0 7 -6 6 -1 3 -5 4 5 13 -3 9
4 -7 4 3 11 3 3 -7 8 -4 5 2 1 -9 7 4 5 -9 12 7 4 -2 9 -5 9 10 7 6 9 0 9 0 11 2 1 1 7 9 11 4 4 -10 5 -2 2 10 6 -9 2 11 2 6 5 -2 5 10 5 9 5 -7 5 4 7 9 8 1 11 7 3 -3 6 2 2 3 3 3 10 -1 4 9 6 5 5 4 4 8 6 -1 6 -5 5 0 6 9 4 -6 11 11 8 -5 5 -9 5 -10 4 11 4 -3
5 4 4 -1 7 3 8 0 7 2 10 -6 6 7 8 2 5 -3 16 17 6 -8 4 -4 10 5 4 4 4 1 5 3 3 -8 6 10 6 2 8 9 13 -3 9 6 3 4 6 9 7 1 5 6 3 7 6 -3 8 8 5 10 5 2 5 -9 7 6 7 12 5 10 5 10 12 7 6 14 6 -4 7 -7 8 8 3 10 5 -2 4 -5 6 3 8 10 5 10 9 -2 2 -4 8 6 14 -10 8 6 7 6 4
5 4 8 -5 6 4 6 10 23 8 6 8 6 -2 8 8 4 -2 6 3 4 -5 7 13 3 10 7 7 4 9 8 7 5 8 7 2 4 10 8 8 6 8 11 -4 7 -10 4 8 5 -10 6 7 11 -4 5 7 8 -5 11 -7 7 -6 4 -5 9 -4 5 8 6 12 10 9 7 11 6 3 7 8 5 3 13 4 8 13 10 -6 9 6 4 -2 5 -1 4 10 8 5 3 4 9 7 8 2 6 -6 8 13
8 9 6 -1 8 2 5 7 10 -9 9 4 9 -8 4 -10 6 -3 5 7 6 1 5 6 7 7 4 -9 7 1 4 -3 8 0 5 -6 3 2 9 -2 6 9 9 9 6 10 2 12 12 4 5 5 10 10 14 -4 11 -1 7 -5 9 -8 7 5 5 19 7 -4 6 6 7 7 7 -2 6 2 7 1 3 6 3 -4 12 -4 9 2 10 -1 1 3 11 1 6 6 3 -6 11 11 7 -3 5 0 4 -4 7
6 -4 2 -5 7 7 4 10 4 12 6 4 7 3 12 12 3 -1 6 -6 5 2 1 13 12 -4 3 -2 4 5 3 -6 5 -4 4 -5 10 -4 2 9 2 -10 9 -10 2 7 8 -3 6 0 9 0 9 12 6 -2 7 12 8 -9 7 6 4 -2 7 -4 4 3 4 -2 6 7 4 10 5 9 7 -5 7 -6 4 9 5 6 9 1 8 9 11 0 9 -5 4 -3 7 4 9 4 9 9 8 1 4 -5
10 -5 4 10 11 -7 7 12 7 -3 9 -3 7 -3 8 -3 4 -3 4 -7 8 5 7 -7 6 2 9 -2 7 -7 2 0 7 10 6 -3 1 -5 4 0 6 9 8 -2 6 4 6 -9 4 -8 12 7 5 -3 8 2 8 2 5 0 6 3 9 2 6 -5 8 0 6 -7 2 4 7 -5 4 11 5 -3 6 11 8 8 7 9 9 -4 8 -9 14 -7 4 4 5 -3 1 -6 5 11 7 -5 6 3 6
6 -6 11 -7 8 -1 7 3 6 -4 9 2 12 -9 5 -8 1 4 4 10 4 4 4 11 5 1 1 14 3 18 11 4 7 -7 5 -3 6 -4 10 -3 5 4 2 3 2 0 8 -4 5 -10 6 -1 7 -3 5 2 4 4 5 2 6 -1 6 8 6 -6 3 6 5 0 6 2 9 3 8 -3 7 10 3 9 7 11 12 -2 8 5 7 -7 10 -3 2 0 5 -4 5 -5 10 4 6 2 10 8
5 12 4 0 7 9 4 -2 5 -8 7 4 10 -4 6 10 4 3 4 12 8 12 2 -7 5 7 6 5 3 -2 5 8 4 0 11 -8 6 2 4 -1 5 -6 9 8 13 6 9 6 7 -1 6 0 6 8 5 3 9 -10 6 6 2 -2 5 12 5 -2 0 -3 10 3 4 4 8 -9 7 12 8 9 8 -2 9 3 6 -2 5 -1 7 -4 6 4 9 -1 5 5 6 10 7 2 5 6 4
5 14 7 -5 6 12 4 6 6 8 9 6 1 -5 7 -8 9 -2 8 -6 5 -1 11 7 9 3 1 -4 5 3 8 -8 1 3 13 5 5 7 3 -1 3 14 13 3 4 7 4 -4 2 -8 6 1 7 9 7 -10 8 9 6 -7 2 3 3 -8 3 4 9 -2 11 -8 2 -7 4 3 2 13 7 -4 10 8 6 13 4 -1 6 -1 2 10 7 12 4 11 9 0 6 3 6 5 2 11
8 11 8 6 5 7 7 -3 5 9 17 -10 4 5 7 -6 4 -9 9 -7 9 6 5 -1 6 2 7 2 6 0 11 -5 9 -6 5 -6 7 5 6 10 3 -4 5 5 8 5 8 6 5 -1 7 6 9 0 5 12 11 -6 7 -6 0 9 2 -4 6 0 1 -4 5 1 5 -3 5 -6 7 -9 7 6 7 3 6 -9 2 -8 7 -7 6 0 5 7 4 9 6 6 7 15 6 -4 11
4 5 9 0 6 -5 5 -2 4 -5 7 11 4 -1 3 2 13 7 3 -3 8 7 4 -3 8 15 3 -10 5 7 3 8 7 1 7 4 4 -4 1 5 5 2 6 -1 2 0 9 6 8 7 6 -10 4 -2 12 -3 7 1 6 -6 7 14 10 8 4 -2 7 -2 7 7 10 -9 5 -3 5 -5 5 3 8 8 8 -4 6 -6 3 -5 7 3 5 1 8 6 5 -1 6 7 7 5
6 14 8 -7 14 -7 6 8 5 -3 4 5 5 7 4 -5 7 -4 4 -1 5 9 5 0 3 -9 5 -1 2 -8 4 5 2 5 5 -2 1 2 8 -8 11 3 7 3 7 6 3 -4 7 9 4 -6 10 1 7 11 7 4 5 -1 4 -3 5 15 3 0 10 -3 8 8 7 -8 5 5 16 5 2 5 9 11 6 6 5 8 4 -4 9 -6 3 -2 9 -6 3 1 3 -7 8
8 -7 7 -6 13 10 8 4 6 13 8 -4 5 -1 7 -4 6 6 12 9 9 2 8 9 11 -1 6 -1 4 3 5 8 4 -5 9 6 9 -4 12 -7 4 7 2 -4 7 0 5 11 4 -3 4 12 4 1 10 12 7 9 6 7 11 8 8 4 7 10 5 0 6 3 3 7 4 6 2 -10 4 8 5 4 9 -9 13 12 5 -4 2 8 2 -2 8 -5 5 -10 8 0
8 6 2 -2 9 4 9 6 3 -4 10 3 13 8 9 11 9 5 7 3 3 10 5 6 11 10 4 9 4 1 6 1 9 -3 6 1 13 2 11 10 3 10 8 5 4 3 5 -5 3 -3 4 -7 7 2 4 6 5 5 4 3 1 2 4 3 3 2 3 -6 6 4 10 3 9 -5 9 7 14 4 7 2 7 -6 9 2 6 -9 6 -3 7 -8 4 2 7 12 5
5 -3 1 2 9 10 4 3 6 -1 7 0 4 -3 4 -6 7 9 5 3 6 -2 5 12 12 3 5 -4 3 -5 4 5 10 -4 5 6 5 -2 5 3 10 5 3 8 3 8 5 13 5 10 11 -4 10 7 8 10 13 -1 2 4 5 11 3 -2 8 4 14 -6 7 -7 7 3 6 11 11 4 4 6 9 -9 6 10 2 10 9 -9 5 1 9 -9 11 -1 7 -9
7 12 5 5 6 1 4 3 6 4 2 7 6 9 4 2 8 8 4 12 3 3 7 -3 2 -6 5 9 4 5 6 2 16 11 10 -3 7 -5 9 -3 4 4 2 8 9 7 7 -7 3 3 11 1 4 -5 8 10 7 -6 6 -2 7 -2 11 10 1 -1 8 16 5 -5 8 4 1 -5 2 -6 10 2 6 8 8 0 7 -2 8 8 8 8 4 0 10 5 8
2 1 9 5 6 9 4 -7 12 -2 10 5 4 -2 7 -2 5 0 6 1 7 -8 4 13 6 -8 5 11 4 9 7 10 5 -5 6 10 5 0 8 1 7 -10 7 -1 4 -9 5 2 5 10 13 -1 4 5 7 -5 9 3 8 9 9 -4 10 2 5 1 8 -6 8 -6 7 -9 9 4 8 6 3 6 3 3 8 -5 4 -5 7 6 6 -4 5 2 5 7
7 2 7 2 4 9 5 10 5 -3 12 -2 6 5 3 5 2 2 5 3 1 10 6 5 7 10 13 -6 6 0 8 -8 8 -5 5 -9 7 10 5 5 14 2 8 4 5 10 3 6 15 -7 9 -3 9 5 5 -1 8 8 7 -3 5 -2 7 3 11 -9 6 9 9 0 4 10 7 4 6 6 6 -4 8 -7 9 2 6 -5 6 3 4 -9 9 12 7
4 9 4 3 5 -5 8 -2 5 -5 11 1 2 -3 12 6 7 -5 5 -4 5 -3 6 10 7 2 6 10 4 10 4 9 7 0 10 -1 4 10 7 9 5 4 7 11 8 7 12 -2 8 8 8 10 5 -9 5 -1 6 -1 2 1 5 15 5 -6 0 11 5 3 7 -8 7 3 4 9 8 10 4 11 8 1 7 11 8 -9 4 -9 6 11 7 11
5 -2 6 -3 6 0 8 -7 6 -1 8 6 5 -1 4 11 7 5 6 10 8 -1 5 11 3 -7 8 -4 5 -2 1 10 3 5 9 16 9 6 6 1 1 6 4 4 4 0 4 4 8 2 15 -7 5 3 5 4 13 15 8 0 6 11 5 18 0 0 9 -8 4 11 4 -6 4 -7 13 -7 6 -7 7 2 5 11 6 8 5 -4 9 1 6
5 0 2 3 2 11 10 -4 5 0 6 -2 4 9 7 2 5 -6 1 10 4 3 4 11 9 8 6 6 9 -6 5 10 4 -2 8 -4 8 0 10 1 6 6 6 7 9 0 10 -7 5 -4 9 11 5 0 9 5 7 -1 7 1 8 -4 5 13 8 6 3 -5 5 9 12 3 11 11 8 -7 9 10 4 -2 6 6 8 5 5 -9 5 4
16 12 2 9 3 -3 2 9 12 7 2 -3 12 -7 2 5 7 -3 2 8 5 3 8 -6 5 0 2 -3 2 11 4 1 6 -2 10 13 6 -9 5 -8 5 -5 6 -1 8 10 4 15 4 14 4 -5 8 7 8 1 10 -4 6 -4 5 10 8 7 4 9 11 -6 8 -3 2 -10 11 1 12 13 4 -3 3 3 8 7 9 0 9 3 2
5 -6 2 -2 3 2 5 2 5 0 8 0 6 0 8 -8 5 4 9 15 4 0 7 9 6 4 5 -6 3 15 5 9 12 13 6 4 14 11 6 13 2 -3 6 -2 9 -3 7 9 6 7 15 -5 2 2 10 -3 9 -1 7 19 4 0 7 -10 7 10 6 4 9 -5 9 1 9 -5 16 1 10 5 4 1 11 2 10 2 3 -6
14 -8 8 -5 6 7 5 -8 8 4 7 -4 6 1 7 0 8 10 11 1 2 4 4 -7 9 7 3 10 4 -9 19 1 7 1 7 2 10 -8 5 11 6 -7 3 -2 3 3 4 9 15 -2 5 9 6 -6 10 -7 3 -6 2 10 6 -6 12 8 5 -3 8 -2 3 7 3 -2 14 -6 5 2 3 0 13 10 15 2 8 3 6
9 5 6 4 8 0 8 6 5 9 4 -6 7 3 6 -1 8 -1 5 6 7 1 4 -4 9 -4 2 -4 10 6 8 -5 10 2 7 7 8 -4 7 8 5 12 11 7 4 -2 5 -6 4 10 5 -4 8 -6 6 10 7 0 4 -7 3 0 6 5 4 -6 8 -5 6 8 4 10 9 6 2 4 8 -5 11 7 3 7 7 -8
5 -10 8 -10 5 13 3 6 6 4 6 5 7 -4 6 -9 4 -4 6 5 2 7 4 10 18 11 4 0 4 0 4 3 9 -3 18 8 2 5 7 0 8 1 2 6 3 -10 6 -8 8 -8 6 0 6 4 6 6 3 -1 5 2 7 5 19 -5 4 -8 8 -6 4 1 5 4 8 7 8 1 10 -6 8 -3 8 -6 13
2 7 5 -4 10 0 9 -5 7 7 3 0 16 -4 6 8 9 11 8 9 8 -7 8 -10 6 1 5 -2 7 -4 14 -8 0 -8 8 9 11 -4 9 12 5 6 8 -5 2 -1 8 4 6 -8 5 -2 10 0 2 -8 7 -1 3 12 7 3 4 1 2 10 4 -9 5 10 9 4 9 -5 6 2 13 14 8 1 11 2
6 2 11 7 7 4 2 -7 3 -10 6 4 4 -3 1 -2 5 0 12 8 8 3 10 5 7 -7 0 7 5 3 2 11 7 3 5 -2 2 11 3 3 5 10 5 -6 6 5 6 -5 8 -1 7 10 9 -5 3 1 11 7 4 -7 4 13 5 4 7 8 5 9 4 7 5 4 14 -6 5 -3 6 -6 9 3 15
9 -3 7 -5 11 10 1 13 2 -6 5 -4 2 -1 6 5 8 2 2 -5 10 0 6 2 5 6 9 9 4 9 2 -9 11 13 9 -8 6 -1 5 -2 10 3 5 -1 10 8 8 -2 11 2 7 4 2 -2 7 3 3 3 4 -5 4 5 5 9 22 -1 3 1 9 11 7 -2 4 -5 7 7 4 9 6 7
4 2 7 -6 7 -3 6 10 5 16 4 -9 8 -8 7 -9 4 5 5 3 15 6 7 -2 5 -5 4 -1 3 8 4 4 2 -8 8 4 11 10 13 -4 11 -2 5 4 9 5 8 4 7 0 5 -7 6 11 8 12 2 -2 6 12 10 -10 9 10 10 -10 15 -1 3 1 3 13 10 -4 8 7 11 -2 8
7 10 5 12 5 -2 8 3 5 7 17 8 9 -1 4 -3 8 11 5 2 12 5 3 8 2 -1 9 -2 3 -7 10 6 6 9 12 7 3 -9 10 2 1 11 6 7 7 -8 6 5 6 7 1 4 9 -3 0 7 7 -4 9 17 6 -5 10 -1 12 8 7 -1 5 5 9 12 8 -6 10 -7 5 10
0 9 9 10 8 6 6 -10 15 -7 12 4 2 -8 5 -2 11 7 7 -5 3 -5 6 -6 9 1 13 0 5 -5 8 10 5 -6 5 6 6 1 9 10 5 9 2 -6 4 -1 8 8 4 2 1 -6 6 10 11 -9 8 0 6 3 7 4 5 -1 6 -2 11 -8 3 -8 3 -4 8 -2 5 -5 4
2 10 4 -9 10 3 1 5 5 6 2 10 6 -1 4 7 4 1 14 -4 3 -8 3 9 5 6 4 3 12 0 10 -2 8 -9 6 -1 8 0 1 -5 4 5 2 -3 3 10 5 -1 8 12 1 6 4 11 4 10 8 -3 7 8 7 -1 6 -9 6 -5 8 -7 3 4 8 7 9 -6 5 3
8 4 6 3 5 -4 11 -4 6 1 13 12 5 5 7 6 5 -9 8 6 3 -5 6 4 11 -5 8 0 5 -1 10 3 7 2 3 8 8 4 4 1 3 6 6 5 8 -4 4 7 3 -7 7 10 4 -3 7 -6 8 5 7 6 9 -9 7 8 9 11 8 -5 7 3 8 8 4 -9 8
3 9 6 2 9 12 9 5 3 3 10 -5 4 -3 5 5 4 3 0 8 3 18 8 6 6 5 12 -10 7 -7 5 -1 4 6 8 6 2 -9 10 10 1 8 4 -3 9 -4 5 12 7 11 11 6 5 8 5 12 9 2 7 9 9 5 13 8 18 4 5 12 6 5 2 0 10 6
2 -6 6 0 6 -4 5 -3 6 10 9 -1 1 5 3 8 4 5 4 -2 4 -8 9 3 2 9 4 -3 5 3 6 -7 9 -4 6 -3 9 -9 7 -4 6 1 7 -2 5 9 5 -4 4 5 1 -1 3 1 10 1 0 -1 2 0 7 3 5 4 5 -7 7 -2 3 -4 7 5 9
9 11 5 -8 5 -4 13 9 9 -7 10 1 7 -7 5 11 5 7 7 10 5 -6 10 -4 6 1 6 7 4 6 3 -1 4 -6 5 14 6 -5 12 8 6 -2 6 0 6 -2 4 6 8 1 9 0 4 9 12 -2 6 -10 5 -10 4 1 6 -5 8 7 4 9 8 -4 6 3
2 -3 6 -8 10 17 10 -4 8 -5 7 6 0 1 5 0 6 9 7 0 7 -5 8 -9 12 4 11 8 9 -4 7 0 2 -1 9 5 11 -7 6 1 11 2 8 -2 4 10 9 9 14 -7 3 -7 13 8 8 10 5 -7 7 5 8 -7 2 -7 5 -2 2 1 10 0 2
3 2 5 9 4 -2 8 -8 2 8 7 8 9 7 5 -8 3 1 11 3 9 4 8 -7 4 -4 0 -3 10 2 4 6 5 9 11 13 10 -9 3 9 4 7 8 5 3 -4 3 5 4 -5 5 -2 3 3 7 0 8 9 6 11 5 1 24 -3 9 9 5 7 12 -7
3 -6 7 -2 9 -4 9 6 4 3 9 2 9 11 6 -5 6 0 9 4 6 -6 6 6 6 8 7 -3 6 -6 7 9 7 -3 4 -6 9 -5 8 0 0 1 7 7 6 -9 4 -1 1 6 12 4 8 2 3 4 6 -6 4 4 5 -3 7 -3 4 9 5 15 11
9 -9 8 -2 5 0 5 4 5 8 5 6 8 9 6 -4 3 16 5 4 9 11 5 4 13 7 5 1 6 1 4 0 4 -3 6 -8 6 -2 7 2 6 9 4 17 6 11 6 3 6 -2 11 13 5 6 5 -10 6 -7 7 -4 5 5 4 8 9 0 3 -1
7 -2 4 -10 6 14 6 -7 4 10 6 4 11 -5 8 -6 4 3 9 -4 3 -5 2 -3 8 -6 0 10 4 -7 13 1 8 8 5 -6 7 1 8 -5 6 17 7 -10 10 0 9 5 8 -5 12 -4 7 7 8 4 4 -2 8 -9 7 -4 11 4 2 10 15
6 7 8 11 11 6 5 4 8 4 7 6 6 -3 5 3 11 -7 3 7 6 -4 8 -6 14 -4 4 -7 5 7 5 6 7 6 3 2 8 5 8 7 5 -3 9 -3 2 13 14 -4 10 4 10 -2 4 0 6 -5 5 6 10 1 7 0 3 6 7 3
4 6 11 10 6 12 2 1 9 -5 8 9 6 11 6 -6 5 -2 3 -5 8 -4 8 -1 5 9 9 10 7 -2 7 -1 2 5 4 5 2 2 5 4 7 -5 6 7 9 8 9 -3 9 -1 13 -9 6 4 5 9 5 -7 4 -5 5 4 10 7 9
7 1 3 6 6 4 6 12 12 -2 8 -4 6 12 6 -1 7 -6 3 8 7 9 6 9 6 8 6 6 11 8 3 -5 19 13 5 -8 3 -9 5 -3 10 -4 6 -3 4 7 14 2 6 -6 3 2 8 13 5 -3 6 6 9 1 5 -6 1 9
5 -10 8 7 7 10 4 -8 6 10 6 0 6 5 12 6 0 2 8 4 4 11 5 9 9 -6 6 4 3 -1 7 7 7 -6 8 -2 8 -5 9 -1 5 5 6 6 5 10 7 10 6 0 2 7 5 6 9 4 4 -2 4 4 8 7 10
5 1 5 1 3 -10 5 8 3 1 1 8 5 -2 6 14 8 -10 5 11 1 -2 2 1 5 10 3 -3 6 8 5 -8 7 7 10 -2 9 -8 4 -5 6 -7 10 2 9 9 1 0 7 14 5 10 4 5 7 8 9 11 6 3 8 -3
4 1 9 2 9 -8 13 7 5 -5 11 4 9 5 13 -3 7 8 7 9 4 11 5 8 3 -4 6 8 8 -3 7 11 5 -8 5 -4 7 5 11 -1 8 6 7 6 5 -9 8 8 7 9 4 -4 6 10 6 10 9 -7 9 -1 9
7 6 6 1 6 -10 4 11 10 -3 3 -10 3 9 6 -2 10 -5 6 13 5 13 7 -10 6 -6 4 4 9 -6 5 -3 4 12 14 7 5 9 8 6 4 3 12 -1 4 3 6 -7 6 -1 3 3 8 -5 5 -5 9 -8 6 -2
7 -8 5 -2 6 9 6 7 5 7 10 -4 8 -4 3 4 3 -4 7 1 7 1 4 1 2 2 8 -1 6 -3 3 7 7 -3 11 12 2 6 17 -9 5 -6 8 -7 10 10 6 -6 3 -4 7 -9 3 -3 3 2 10 -7 11
2 4 5 -5 5 0 4 0 7 10 9 -6 6 -5 2 0 9 9 3 -7 5 4 4 -7 12 -8 4 8 4 8 7 3 11 3 9 -5 6 -10 8 4 4 8 3 -2 10 -8 7 5 6 7 6 -3 16 -2 4 -1 9 -1
4 8 5 -3 7 10 5 -9 10 -4 9 -9 8 3 1 3 6 8 11 1 8 3 8 -4 10 4 4 8 8 -7 3 13 4 3 2 4 6 -3 4 -4 14 9 5 7 13 11 9 0 5 -7 9 -3 6 0 4 4 3
5 9 13 4 3 -6 5 11 11 -7 6 -2 4 12 10 2 6 4 5 -5 8 4 5 -3 6 -6 8 9 3 -4 8 -3 2 6 6 -5 12 -8 6 11 2 6 7 12 8 -5 6 8 6 10 9 -6 2 0 1 8
2 -2 4 7 9 15 8 6 7 7 12 3 13 5 8 2 8 0 6 3 5 8 8 -5 10 0 6 10 4 -8 5 4 10 9 9 -2 3 -8 7 10 10 7 8 0 3 1 6 -9 6 7 5 -3 3 17 1
11 -2 8 -1 8 7 5 -6 8 10 4 0 9 9 5 -8 13 0 3 -1 6 10 6 5 4 13 14 -1 11 -8 5 -9 9 6 5 -2 9 8 8 -5 1 5 6 -3 8 -7 5 10 8 -8 6 -2 7 7
12 3 4 -1 8 0 9 5 9 -1 10 -7 10 0 11 -6 15 -4 13 1 6 -7 4 14 3 -3 6 -1 3 -5 8 6 3 9 6 0 5 1 6 11 5 0 6 -4 11 -6 7 1 4 -8 6 7 6
4 -3 5 -4 2 2 5 8 10 9 8 -3 7 -7 9 -3 5 -1 5 -10 5 -10 2 -6 7 10 4 1 6 -4 9 13 11 2 12 12 2 1 4 7 5 6 5 -5 4 -4 6 2 6 -2 3 0
8 -1 7 -1 9 -3 10 -4 5 -9 9 2 9 -2 5 6 3 -6 11 10 7 -3 10 4 7 6 5 -1 8 -7 4 -3 8 -8 6 -10 5 -6 5 2 4 5 4 0 6 -6 6 -3 4 12 9
7 12 4 0 12 11 4 -5 4 13 5 -8 6 -2 12 2 6 4 4 6 17 10 7 10 11 -6 6 1 5 4 2 10 12 7 8 4 12 1 5 -10 6 -10 10 -3 7 -4 12 6 3 3
7 7 6 -4 7 -6 6 3 8 6 10 6 7 6 7 3 5 7 5 3 5 4 2 -1 7 -1 9 -2 7 -5 3 -5 4 3 4 6 4 0 3 -1 9 -10 3 12 6 -5 3 5 12
16 -3 10 -1 4 9 8 5 6 8 7 -7 7 5 4 -7 10 8 4 2 10 6 10 -8 3 17 7 2 12 7 11 7 4 -8 6 10 8 0 5 3 8 -3 9 9 5 -3 10 3
5 -4 9 6 5 -5 6 0 8 -6 7 4 7 12 3 -1 11 -2 6 6 4 -8 6 6 10 -7 7 -8 3 5 4 -2 9 -1 4 1 4 6 1 13 0 6 2 -10 4 5 6
4 10 9 -7 4 -3 4 -1 5 6 5 -3 4 1 7 7 4 -4 6 -7 4 10 11 -3 4 7 6 -7 10 10 4 1 6 5 6 0 7 -10 8 7 8 -8 5 -9 5 -2
5 12 7 -6 3 -5 11 8 8 13 6 2 2 -8 9 3 9 -6 2 9 6 -8 7 -9 7 -10 11 1 4 5 7 4 2 0 5 -9 3 11 5 -6 11 3 4 -7 7
8 -5 8 2 10 13 8 -2 8 11 11 10 6 4 6 -6 7 -8 7 -7 13 -5 11 6 6 4 3 -9 6 2 13 6 2 -5 5 -8 3 9 6 -9 5 5 3 2
8 7 5 2 5 4 4 9 6 10 5 8 9 0 5 -7 4 -3 3 11 6 -1 5 10 10 3 6 10 6 2 4 9 8 9 4 1 7 8 10 -2 4 -6 7
3 2 3 8 8 -2 5 6 5 8 4 4 6 7 4 3 7 10 10 8 8 15 14 14 2 5 7 -2 8 -7 6 8 9 -5 6 5 9 -2 6 -9 9 7
11 9 4 -7 6 6 5 11 8 -2 9 -4 6 6 10 -9 7 0 5 9 6 6 12 6 7 4 5 5 7 20 7 -6 5 -9 10 7 5 7 6 -7 4
12 2 4 9 3 -4 6 9 6 -4 4 2 6 7 6 -3 3 1 7 -7 6 -9 9 -3 10 4 8 1 4 8 8 -5 4 -2 7 4 4 10 6 -7
6 7 6 1 4 -6 5 -8 3 8 8 6 8 8 4 -7 4 -1 8 5 16 -7 5 -2 3 5 7 -5 5 7 8 8 5 1 3 -6 1 -3 13
8 5 8 -2 6 8 9 0 7 0 6 10 5 0 8 -5 7 1 7 -3 7 -8 8 5 8 6 10 -6 7 -6 9 9 8 -8 7 -7 6 9
9 3 8 10 7 0 10 -4 10 8 7 2 4 14 4 -5 7 -6 6 8 2 10 2 2 6 6 3 10 9 3 5 -4 3 8 10 -4 0
7 -9 3 3 10 -1 9 8 11 -1 5 -9 4 6 3 2 3 6 5 0 3 0 10 -7 5 0 2 -7 7 7 2 -6 9 5 6 -2
2 0 8 -2 7 -7 7 10 7 17 4 -8 6 -7 7 2 11 5 8 -3 6 0 6 -5 5 2 5 5 7 -7 6 -7 3 8 8
2 8 3 -2 5 -1 5 10 9 -3 6 -7 6 -9 5 -9 4 -10 8 -1 3 -9 9 6 7 4 5 4 6 -3 11 -5 3 -2
5 -2 6 4 4 -1 9 0 4 -6 7 3 8 1 8 10 5 4 7 -6 2 -10 6 0 4 8 4 -3 9 -5 7 4 5
10 0 8 -5 4 7 7 -1 8 11 7 -9 6 7 4 16 6 -1 6 7 7 -4 5 1 5 6 7 2 3 6 7 -2
2 3 4 -4 5 -5 4 9 4 -2 5 1 8 7 10 -5 4 3 7 -4 1 -7 2 13 7 5 5 6 6 0 9
6 9 9 -5 4 -10 1 -6 13 -7 8 6 7 10 3 4 11 14 4 7 8 -1 7 10 10 6 8 -1 4 0
6 -1 5 -8 6 -2 6 6 5 -6 3 -8 4 0 5 -6 7 -8 10 -2 6 2 4 1 5 10 5 1 9
12 2 9 1 7 4 5 -4 5 -4 7 -5 3 0 9 -10 4 -1 6 -5 15 -1 6 9 6 1 8 4
9 6 6 1 10 9 9 7 5 0 4 5 6 -6 7 -1 12 -10 7 10 5 10 4 -5 8 8 6
7 9 9 5 2 9 5 4 7 6 3 -10 9 -2 9 3 6 -5 8 18 8 4 5 8 0 10
7 -4 5 -2 4 -5 5 -5 7 2 7 8 9 4 12 -8 9 13 10 12 11 7 7 0 11
9 4 7 4 3 1 0 -8 7 3 8 -7 8 11 2 7 1 -10 3 -7 4 8 3 -2
4 5 14 6 7 -9 3 -10 6 2 9 -5 3 -8 3 11 3 7 5 8 7 -2 13
3 8 6 8 5 -7 9 0 7 6 9 -9 3 5 8 4 4 7 8 12 1 -6
6 -5 5 -1 4 0 4 -9 10 1 4 8 14 -2 10 3 5 8 10 1 7
2 -5 6 0 7 -7 14 8 9 -4 1 2 11 -9 6 11 3 -8 3 7
5 -1 7 8 4 3 3 7 8 2 6 5 7 -7 11 -8 8 -3 6
9 -4 5 2 10 -1 5 0 9 3 6 9 8 2 5 -1 5 6
7 1 4 0 10 0 5 6 4 -3 6 4 5 12 2 9 4
7 -1 7 9 5 7 11 2 5 -9 5 5 7 -8 3 7
4 0 3 -7 7 9 4 -5 5 -1 19 -1 10 1 10
6 -3 1 6 5 -1 11 9 7 7 8 -1 5 7
5 -4 4 15 6 5 3 6 3 4 3 6 9
8 -6 16 5 6 1 7 7 5 -2 4 9
3 1 8 8 9 13 10 -4 8 4 7
7 4 5 5 6 -10 6 8 7 4
6 -2 12 12 5 -1 15 5 11
9 0 10 0 12 1 12 -7
3 2 4 4 13 -6 4
5 8 6 -2 8 8
6 -7 5 -7 10
2 -5 4 9
6 -1 6
6 -8
7
