50
11 25 19 17 21 17 16 18 14 13 11 19 24 11 21 14 12 19 20 23 15 16 14 21 18 15 18 25 19 20 13 24 12 14 17 22 21 12 22 10 18 13 24 21 18 22 21 13 17 25
4 7 13 16 21 28 32 36 38 44 46
1 2 3 4 5 6 7 8 9 10 11 12 13 14 15 16 17 18 19 20 21 22 23 24 26
9 11 14 15 16 17 18 19 22 24 26 29 33 35 36 38 39 40 42
1 2 3 4 5 6 7 8 9 10 11 12 13 14 15 16 17
2 7 10 11 12 13 17 20 25 26 27 28 29 30 32 34 36 39 40 41 42
1 2 3 4 5 6 7 8 9 10 11 12 13 14 15 16 17
10 13 19 21 24 26 27 29 31 33 35 38 39 41 42 48
1 2 3 4 5 6 7 8 9 10 11 12 13 14 15 16 18 19
3 6 7 10 11 14 22 23 24 25 29 31 32 37
1 2 3 4 5 6 7 8 9 10 11 12 14
14 18 19 21 22 29 33 34 35 39 49
1 2 3 4 5 6 7 8 9 10 11 12 13 14 15 17 19 20 22
2 3 6 7 9 11 16 18 21 23 24 25 26 27 28 30 33 34 38 40 41 45 46 50
1 2 3 4 5 6 7 8 9 15 16
4 6 13 14 18 19 21 23 26 28 29 31 32 35 36 38 41 42 44 46 48
1 2 3 4 5 6 7 8 9 10 11 12 13 14
3 5 12 16 21 22 23 28 29 31 33 42
1 2 3 4 5 6 7 8 9 10 11 12 13 14 15 16 17 18 19
4 6 11 16 17 18 20 21 23 24 25 26 29 31 32 33 34 37 40 42
1 2 3 4 5 6 7 8 9 10 11 12 13 14 15 16 17 18 19 20 21 22 23
16 18 19 21 22 23 24 25 26 28 30 33 36 39 40
1 2 3 4 5 6 7 8 9 10 11 12 13 14 15 20
3 13 21 25 27 28 31 32 33 38 41 42 43 44
1 2 3 4 5 6 7 8 9 10 11 12 13 14 15 16 17 18 19 20 21
4 5 10 11 13 14 16 17 19 21 22 24 30 31 32 35 39 40
1 2 3 4 5 6 7 8 9 10 11 12 13 15 20
2 3 11 12 14 15 16 18 26 27 28 30 31 36 38 40 41 43
1 2 3 4 5 6 7 8 9 10 11 12 13 14 15 16 17 18 19 20 21 22 23 24 26
4 11 13 15 17 18 21 22 23 24 26 29 33 34 35 38 43 48 50
1 2 3 4 5 6 7 8 9 10 11 12 13 14 15 16 18 19 20 21
9 10 16 17 21 22 25 26 27 30 31 32 37
1 2 3 4 5 6 7 8 9 10 11 12 13 14 15 16 17 18 19 20 21 22 25 26
4 13 16 18 21 22 23 29 31 40 43 47
1 2 3 4 5 6 7 8 9 10 11 12 13 14
2 6 10 11 13 17 19 20 24 25 26 27 29 31 34 38 48
1 2 3 4 5 6 7 8 9 10 11 12 13 14 15 16 17 18 19 20 22 24
12 14 15 16 17 18 21 22 23 25 26 28 29 32 33 35 37 38 40 46 47
1 2 3 4 5 6 7 8 9 10 11 13
1 5 6 10 12 13 15 19 22 24 25 26 29 30 31 32 38 42 44 45 46 48
1 2 3 4 5 6 7 8 10 19
1 7 11 17 18 20 22 23 26 27 30 33 34 35 36 38 39 47
1 2 3 4 5 6 7 8 9 10 11 14 16
4 10 11 12 14 17 18 19 21 22 25 26 27 28 30 31 32 33 34 35 39 42 45 46
1 2 3 4 5 6 7 8 9 10 11 12 13 14 15 16 17 18 19 20 21
4 10 12 13 17 18 22 26 29 30 32 33 34 35 36 37 42 49
1 2 3 4 5 6 7 8 9 10 11 12 13 14 15 16 17 18 19 20 21 24
2 3 4 12 13 14 15 17 19 21 22 23 24 25 26 29 32 33 34 36 39
1 2 3 4 5 6 7 8 9 10 11 12 15
2 6 8 9 13 19 24 25 26 29 30 31 32 33 35 40 46
1 2 3 4 5 6 7 8 9 10 11 12 13 14 15 16 17 18 19 20 21 22 23 24 25
6.000000 -2.000000 4.000000 -5.000000 5.000000 -4.000000 11.000000 -9.000000 6.000000 -3.000000 3.000000 -7.000000 5.000000 2.000000 10.000000 1.000000 8.000000 1.000000 7.000000 10.000000 4.000000 4.000000 11.000000 -7.000000 8.000000 5.000000 8.000000 2.000000 5.000000 5.000000 6.000000 -7.000000 6.000000 4.000000 3.000000 8.000000 10.000000 10.000000 2.000000 -2.000000 12.000000 -6.000000 6.000000 -2.000000 3.000000 -10.000000 8.000000 -1.000000 3.000000 9.000000
4.000000 8.000000 7.000000 10.000000 10.000000 -1.000000 4.000000 7.000000 2.000000 -9.000000 5.000000 -7.000000 3.000000 -8.000000 8.000000 5.000000 10.000000 9.000000 5.000000 3.000000 4.000000 11.000000 6.000000 -7.000000 7.000000 4.000000 6.000000 4.000000 10.000000 11.000000 3.000000 3.000000 4.000000 2.000000 16.000000 -1.000000 7.000000 7.000000 11.000000 -6.000000 9.000000 -5.000000 3.000000 1.000000 2.000000 9.000000 3.000000 0.000000 4.000000
6.000000 2.000000 7.000000 7.000000 4.000000 3.000000 3.000000 11.000000 9.000000 -6.000000 2.000000 -6.000000 1.000000 -3.000000 5.000000 5.000000 6.000000 11.000000 4.000000 -5.000000 6.000000 -6.000000 4.000000 2.000000 8.000000 -1.000000 4.000000 1.000000 2.000000 -7.000000 7.000000 -2.000000 8.000000 6.000000 7.000000 -8.000000 9.000000 -3.000000 7.000000 0.000000 8.000000 7.000000 6.000000 -2.000000 5.000000 -6.000000 5.000000 8.000000
3.000000 3.000000 9.000000 -4.000000 10.000000 0.000000 5.000000 -4.000000 4.000000 -1.000000 4.000000 5.000000 9.000000 -8.000000 5.000000 -2.000000 5.000000 -10.000000 16.000000 2.000000 7.000000 -6.000000 11.000000 8.000000 9.000000 10.000000 6.000000 4.000000 9.000000 -2.000000 3.000000 -6.000000 12.000000 3.000000 7.000000 3.000000 11.000000 8.000000 4.000000 1.000000 1.000000 8.000000 7.000000 10.000000 10.000000 -2.000000 6.000000
2.000000 2.000000 8.000000 1.000000 5.000000 10.000000 3.000000 -3.000000 3.000000 -6.000000 6.000000 -3.000000 6.000000 11.000000 7.000000 -7.000000 4.000000 10.000000 8.000000 9.000000 4.000000 7.000000 6.000000 8.000000 11.000000 -2.000000 6.000000 6.000000 7.000000 5.000000 3.000000 10.000000 4.000000 -4.000000 14.000000 -2.000000 7.000000 10.000000 6.000000 -2.000000 5.000000 9.000000 4.000000 10.000000 3.000000 -4.000000
7.000000 -1.000000 8.000000 -7.000000 12.000000 -9.000000 7.000000 -7.000000 8.000000 -4.000000 8.000000 10.000000 11.000000 9.000000 4.000000 -3.000000 7.000000 -3.000000 5.000000 -7.000000 5.000000 12.000000 7.000000 4.000000 5.000000 8.000000 9.000000 5.000000 4.000000 9.000000 9.000000 8.000000 5.000000 2.000000 6.000000 -5.000000 4.000000 5.000000 6.000000 4.000000 4.000000 6.000000 6.000000 7.000000 5.000000
5.000000 11.000000 4.000000 7.000000 6.000000 -6.000000 10.000000 6.000000 4.000000 12.000000 8.000000 5.000000 5.000000 2.000000 5.000000 3.000000 7.000000 12.000000 12.000000 6.000000 7.000000 -5.000000 6.000000 6.000000 8.000000 11.000000 1.000000 -7.000000 11.000000 -9.000000 2.000000 -6.000000 7.000000 -5.000000 4.000000 8.000000 7.000000 1.000000 5.000000 2.000000 6.000000 3.000000 5.000000 3.000000
8.000000 16.000000 4.000000 4.000000 7.000000 -1.000000 9.000000 8.000000 5.000000 -5.000000 14.000000 -6.000000 5.000000 4.000000 6.000000 7.000000 10.000000 1.000000 3.000000 -8.000000 10.000000 -8.000000 8.000000 7.000000 11.000000 7.000000 11.000000 6.000000 7.000000 2.000000 5.000000 -2.000000 4.000000 -5.000000 9.000000 -4.000000 12.000000 -10.000000 4.000000 -2.000000 3.000000 0.000000 10.000000
11.000000 7.000000 11.000000 -6.000000 3.000000 12.000000 4.000000 7.000000 10.000000 7.000000 12.000000 1.000000 7.000000 5.000000 5.000000 -6.000000 3.000000 -7.000000 8.000000 5.000000 8.000000 -1.000000 4.000000 5.000000 3.000000 7.000000 14.000000 -2.000000 2.000000 0.000000 7.000000 -4.000000 6.000000 6.000000 6.000000 1.000000 6.000000 10.000000 2.000000 -8.000000 13.000000 6.000000
3.000000 10.000000 5.000000 9.000000 4.000000 -2.000000 5.000000 6.000000 4.000000 0.000000 6.000000 -9.000000 6.000000 6.000000 1.000000 0.000000 6.000000 4.000000 4.000000 0.000000 6.000000 10.000000 6.000000 11.000000 7.000000 -4.000000 7.000000 10.000000 11.000000 10.000000 11.000000 -8.000000 8.000000 -1.000000 13.000000 11.000000 8.000000 7.000000 6.000000 1.000000 8.000000
6.000000 8.000000 9.000000 10.000000 8.000000 -8.000000 5.000000 8.000000 4.000000 -4.000000 8.000000 -6.000000 1.000000 1.000000 8.000000 10.000000 7.000000 7.000000 5.000000 6.000000 10.000000 -3.000000 7.000000 11.000000 5.000000 -7.000000 6.000000 3.000000 15.000000 1.000000 8.000000 -10.000000 7.000000 10.000000 10.000000 -9.000000 3.000000 6.000000 5.000000 -2.000000
3.000000 10.000000 8.000000 -1.000000 7.000000 12.000000 5.000000 8.000000 1.000000 1.000000 7.000000 1.000000 7.000000 5.000000 6.000000 1.000000 3.000000 -8.000000 8.000000 -9.000000 5.000000 10.000000 13.000000 4.000000 7.000000 -3.000000 5.000000 4.000000 5.000000 2.000000 7.000000 5.000000 8.000000 5.000000 5.000000 -7.000000 6.000000 -8.000000 2.000000
5.000000 4.000000 9.000000 5.000000 9.000000 -10.000000 6.000000 -8.000000 8.000000 8.000000 8.000000 5.000000 7.000000 10.000000 5.000000 -4.000000 9.000000 -1.000000 8.000000 -2.000000 7.000000 3.000000 6.000000 0.000000 7.000000 -6.000000 3.000000 8.000000 4.000000 -1.000000 12.000000 3.000000 8.000000 -4.000000 4.000000 -6.000000 4.000000 -3.000000
6.000000 11.000000 10.000000 10.000000 8.000000 14.000000 1.000000 11.000000 2.000000 12.000000 8.000000 -7.000000 8.000000 -6.000000 8.000000 2.000000 6.000000 -7.000000 8.000000 -7.000000 15.000000 -2.000000 5.000000 4.000000 2.000000 -9.000000 4.000000 -5.000000 9.000000 7.000000 4.000000 5.000000 3.000000 -7.000000 7.000000 2.000000 7.000000
8.000000 2.000000 6.000000 9.000000 4.000000 10.000000 10.000000 8.000000 8.000000 -2.000000 11.000000 12.000000 9.000000 9.000000 5.000000 2.000000 15.000000 2.000000 7.000000 -1.000000 3.000000 6.000000 6.000000 3.000000 4.000000 -8.000000 10.000000 5.000000 1.000000 8.000000 7.000000 6.000000 5.000000 -5.000000 6.000000 8.000000
10.000000 1.000000 9.000000 -4.000000 11.000000 0.000000 7.000000 0.000000 8.000000 -7.000000 9.000000 3.000000 10.000000 -7.000000 6.000000 1.000000 5.000000 6.000000 3.000000 10.000000 5.000000 -6.000000 10.000000 -3.000000 3.000000 -4.000000 14.000000 8.000000 8.000000 7.000000 6.000000 12.000000 4.000000 4.000000 8.000000
8.000000 3.000000 10.000000 1.000000 7.000000 7.000000 4.000000 7.000000 4.000000 3.000000 7.000000 4.000000 5.000000 -7.000000 11.000000 -8.000000 8.000000 11.000000 7.000000 4.000000 5.000000 -9.000000 9.000000 8.000000 6.000000 3.000000 9.000000 4.000000 8.000000 12.000000 7.000000 2.000000 4.000000 -3.000000
14.000000 -3.000000 4.000000 -6.000000 8.000000 -2.000000 3.000000 -8.000000 15.000000 -10.000000 6.000000 -2.000000 4.000000 1.000000 6.000000 -2.000000 11.000000 -4.000000 6.000000 -6.000000 8.000000 -4.000000 6.000000 0.000000 7.000000 1.000000 12.000000 -8.000000 8.000000 -8.000000 9.000000 7.000000 8.000000
9.000000 -1.000000 7.000000 -6.000000 5.000000 1.000000 4.000000 3.000000 1.000000 -5.000000 1.000000 10.000000 3.000000 -5.000000 10.000000 -7.000000 7.000000 0.000000 5.000000 -4.000000 8.000000 0.000000 6.000000 1.000000 7.000000 10.000000 4.000000 0.000000 6.000000 -3.000000 4.000000 -6.000000
8.000000 2.000000 2.000000 -7.000000 4.000000 6.000000 6.000000 -5.000000 12.000000 6.000000 9.000000 -6.000000 4.000000 -6.000000 4.000000 3.000000 4.000000 2.000000 8.000000 4.000000 6.000000 3.000000 7.000000 2.000000 3.000000 8.000000 7.000000 7.000000 10.000000 0.000000 10.000000
2.000000 1.000000 14.000000 9.000000 9.000000 1.000000 8.000000 3.000000 8.000000 2.000000 10.000000 -9.000000 7.000000 -6.000000 10.000000 -3.000000 5.000000 4.000000 5.000000 -7.000000 5.000000 -6.000000 6.000000 -4.000000 8.000000 3.000000 14.000000 -4.000000 5.000000 -5.000000
2.000000 -7.000000 12.000000 7.000000 5.000000 -6.000000 4.000000 -7.000000 11.000000 7.000000 5.000000 -1.000000 4.000000 8.000000 7.000000 13.000000 4.000000 -3.000000 2.000000 7.000000 8.000000 8.000000 4.000000 6.000000 5.000000 -8.000000 12.000000 19.000000 7.000000
5.000000 6.000000 9.000000 5.000000 9.000000 14.000000 9.000000 5.000000 5.000000 10.000000 8.000000 -5.000000 7.000000 4.000000 4.000000 -5.000000 6.000000 1.000000 2.000000 10.000000 4.000000 2.000000 1.000000 -3.000000 9.000000 4.000000 7.000000 -8.000000
1.000000 -7.000000 5.000000 -1.000000 6.000000 -6.000000 8.000000 3.000000 8.000000 -7.000000 8.000000 2.000000 7.000000 10.000000 14.000000 7.000000 4.000000 10.000000 4.000000 6.000000 6.000000 2.000000 6.000000 -2.000000 3.000000 -2.000000 4.000000
12.000000 11.000000 5.000000 -7.000000 12.000000 13.000000 8.000000 -3.000000 4.000000 -5.000000 8.000000 4.000000 2.000000 -1.000000 5.000000 3.000000 5.000000 11.000000 9.000000 -5.000000 4.000000 9.000000 3.000000 -10.000000 2.000000 -6.000000
9.000000 11.000000 10.000000 -7.000000 5.000000 0.000000 2.000000 -1.000000 10.000000 -4.000000 6.000000 4.000000 4.000000 -9.000000 7.000000 0.000000 6.000000 10.000000 8.000000 -5.000000 10.000000 -5.000000 5.000000 -6.000000 4.000000
5.000000 4.000000 11.000000 -7.000000 9.000000 -7.000000 10.000000 1.000000 3.000000 9.000000 9.000000 -6.000000 7.000000 -1.000000 7.000000 5.000000 5.000000 -6.000000 3.000000 -3.000000 6.000000 11.000000 5.000000 -8.000000
5.000000 0.000000 8.000000 11.000000 5.000000 -5.000000 5.000000 10.000000 6.000000 5.000000 6.000000 3.000000 10.000000 8.000000 5.000000 -2.000000 6.000000 -3.000000 7.000000 9.000000 7.000000 -5.000000 8.000000
3.000000 3.000000 9.000000 6.000000 2.000000 -9.000000 5.000000 7.000000 5.000000 -3.000000 3.000000 9.000000 5.000000 8.000000 12.000000 -7.000000 7.000000 -1.000000 11.000000 9.000000 5.000000 -2.000000
3.000000 9.000000 7.000000 5.000000 6.000000 0.000000 5.000000 11.000000 4.000000 -4.000000 7.000000 0.000000 8.000000 4.000000 9.000000 8.000000 6.000000 -10.000000 4.000000 -4.000000 0.000000
6.000000 15.000000 1.000000 1.000000 4.000000 4.000000 3.000000 3.000000 8.000000 -4.000000 6.000000 -7.000000 9.000000 11.000000 5.000000 4.000000 5.000000 -1.000000 6.000000 4.000000
1.000000 9.000000 16.000000 4.000000 10.000000 3.000000 6.000000 10.000000 5.000000 -8.000000 10.000000 11.000000 4.000000 13.000000 1.000000 9.000000 6.000000 2.000000 9.000000
7.000000 -3.000000 11.000000 1.000000 5.000000 2.000000 5.000000 5.000000 8.000000 4.000000 12.000000 4.000000 9.000000 -9.000000 7.000000 6.000000 3.000000 6.000000
4.000000 -8.000000 9.000000 -3.000000 7.000000 -2.000000 3.000000 -9.000000 2.000000 -10.000000 8.000000 4.000000 6.000000 7.000000 9.000000 11.000000 13.000000
4.000000 1.000000 9.000000 -5.000000 7.000000 10.000000 3.000000 -8.000000 8.000000 -6.000000 10.000000 2.000000 2.000000 1.000000 9.000000 1.000000
8.000000 -6.000000 6.000000 1.000000 7.000000 10.000000 4.000000 -6.000000 3.000000 -2.000000 10.000000 -8.000000 8.000000 7.000000 5.000000
4.000000 2.000000 3.000000 -3.000000 5.000000 -7.000000 4.000000 -9.000000 11.000000 7.000000 8.000000 5.000000 5.000000 2.000000
5.000000 -6.000000 5.000000 6.000000 3.000000 11.000000 10.000000 -6.000000 6.000000 7.000000 6.000000 10.000000 4.000000
14.000000 -2.000000 4.000000 8.000000 7.000000 -10.000000 7.000000 -5.000000 1.000000 6.000000 11.000000 -9.000000
4.000000 -8.000000 4.000000 -9.000000 2.000000 10.000000 5.000000 5.000000 6.000000 0.000000 5.000000
5.000000 8.000000 12.000000 -5.000000 17.000000 10.000000 13.000000 13.000000 8.000000 -2.000000
4.000000 1.000000 4.000000 10.000000 11.000000 8.000000 3.000000 3.000000 17.000000
6.000000 11.000000 6.000000 -3.000000 4.000000 11.000000 13.000000 -1.000000
3.000000 -6.000000 7.000000 3.000000 5.000000 8.000000 11.000000
9.000000 10.000000 5.000000 5.000000 8.000000 11.000000
8.000000 2.000000 5.000000 8.000000 7.000000
5.000000 13.000000 7.000000 2.000000
6.000000 -3.000000 7.000000
6.000000 7.000000
5.000000
