25
5 4 4 5 5 3 5 4 6 7 2 5 5 6 4 6 6 1 7 2 11 4 3 8 3
21 4 1 24 9
8 5 24 4
22 24 18 3
19 14 2 1 3
7 8 17 20 1
18 7 23
21 23 18 14 8
15 19 9 1
25 6 23 14 11 9
5 7 11 4 3 13 22
12 20
9 2 24 15 18
4 13 3 18 10
21 20 12 19 7 3
2 22 8 25
10 3 8 4 13 9
15 21 12 6 23 24
7
22 9 23 25 21 3 6
18 24
8 6 15 13 9 18 25 11 2 19 14
2 11 13 9
3 7 19
23 11 7 21 16 13 15 5
9 5 8
8 -5 5 -7 8 4 5 8 5 10 5 -2 4 -6 10 -2 10 -10 3 -1 2 9 6 8 9
8 10 7 7 2 -9 4 -7 9 -8 7 5 11 9 10 3 5 11 3 -7 3 4 4 4
9 11 6 3 4 2 10 -1 8 7 2 -6 2 -5 4 1 5 9 4 0 3 10 4
9 6 4 3 2 11 3 -6 7 -6 6 -3 8 5 7 11 7 -5 9 -6 4 2
2 -1 5 1 4 -7 12 -2 5 6 4 -8 4 -3 7 0 4 7 5 -2 10
6 3 9 8 9 3 9 -4 12 0 3 -4 11 -1 8 5 12 -8 6 -2
1 -10 13 2 9 -6 11 8 2 10 5 4 5 -2 4 -6 5 3 6
7 9 9 8 3 4 15 3 4 2 4 2 11 1 5 10 6 -3
2 -6 5 -3 7 11 8 -7 6 10 7 9 4 7 6 8 12
9 4 8 -9 7 -2 9 -9 8 9 6 -3 8 4 7 -6
8 5 10 1 7 7 4 -7 15 -9 5 -7 6 -4 2
11 4 6 -6 6 -8 2 -8 6 13 5 4 4 8
4 5 5 9 10 8 6 2 3 -5 5 5 5
11 4 2 -3 8 -5 6 3 11 -3 3 7
6 12 7 5 6 2 2 3 9 12 14
5 6 5 6 6 11 3 -7 9 -9
8 -6 6 -5 12 8 5 1 6
12 5 5 5 6 16 8 4
8 -1 11 8 5 -5 6
3 -8 11 2 15 0
10 -8 4 7 14
7 7 9 6
6 2 6
5 11
12
